step,system_total_stopped,system_total_waiting_time,system_mean_waiting_time,system_mean_speed,1016184376_stopped,1016184376_accumulated_waiting_time,1016184376_average_speed,1016200794_stopped,1016200794_accumulated_waiting_time,1016200794_average_speed,5237321225_stopped,5237321225_accumulated_waiting_time,5237321225_average_speed,9376141054_stopped,9376141054_accumulated_waiting_time,9376141054_average_speed,GS_cluster_1016191643_1016191860_1016192269_1016198634_stopped,GS_cluster_1016191643_1016191860_1016192269_1016198634_accumulated_waiting_time,GS_cluster_1016191643_1016191860_1016192269_1016198634_average_speed,cluster_1016183180_1016185346_1016193503_1016194749_stopped,cluster_1016183180_1016185346_1016193503_1016194749_accumulated_waiting_time,cluster_1016183180_1016185346_1016193503_1016194749_average_speed,cluster_1016184252_1016191971_stopped,cluster_1016184252_1016191971_accumulated_waiting_time,cluster_1016184252_1016191971_average_speed,cluster_1016184655_1016193545_1016201012_9372174241_stopped,cluster_1016184655_1016193545_1016201012_9372174241_accumulated_waiting_time,cluster_1016184655_1016193545_1016201012_9372174241_average_speed,cluster_1016184997_1016188102_1016195714_5921483463_stopped,cluster_1016184997_1016188102_1016195714_5921483463_accumulated_waiting_time,cluster_1016184997_1016188102_1016195714_5921483463_average_speed,cluster_1016185040_1016195865_9372174234_9372174235_stopped,cluster_1016185040_1016195865_9372174234_9372174235_accumulated_waiting_time,cluster_1016185040_1016195865_9372174234_9372174235_average_speed,cluster_1016185522_1016193644_5237321232_5921362889_#1more_stopped,cluster_1016185522_1016193644_5237321232_5921362889_#1more_accumulated_waiting_time,cluster_1016185522_1016193644_5237321232_5921362889_#1more_average_speed,cluster_1016189230_1016195084_5921362584_9371895544_stopped,cluster_1016189230_1016195084_5921362584_9371895544_accumulated_waiting_time,cluster_1016189230_1016195084_5921362584_9371895544_average_speed,cluster_1016191702_1016195035_stopped,cluster_1016191702_1016195035_accumulated_waiting_time,cluster_1016191702_1016195035_average_speed,cluster_1016191801_1016199119_stopped,cluster_1016191801_1016199119_accumulated_waiting_time,cluster_1016191801_1016199119_average_speed,cluster_1016192514_4084049672_5921362888_stopped,cluster_1016192514_4084049672_5921362888_accumulated_waiting_time,cluster_1016192514_4084049672_5921362888_average_speed,agents_total_stopped,agents_total_accumulated_waiting_time
0.0,0,0.0,0.0,0.0,0,0.0,1.0,0,0.0,1.0,0,0.0,1.0,0,0.0,1.0,0,0.0,1.0,0,0.0,1.0,0,0.0,1.0,0,0.0,1.0,0,0.0,1.0,0,0.0,1.0,0,0.0,1.0,0,0.0,1.0,0,0.0,1.0,0,0.0,1.0,0,0.0,1.0,0,0.0
10.0,1,0.0,0.0,6.122864284925015,0,0.0,1.0,0,0.0,1.0,0,0.0,1.0,0,0.0,1.0,0,0.0,1.0,0,0.0,1.0,0,0.0,1.0,0,0.0,1.0,0,0.0,1.0,0,0.0,1.0,0,0.0,1.0,0,0.0,1.0,0,0.0,1.0,0,0.0,1.0,0,0.0,1.0,0,0.0
20.0,1,0.0,0.0,9.221637998056258,0,0.0,1.0,0,0.0,1.0,0,0.0,1.0,0,0.0,1.0,0,0.0,1.0,0,0.0,1.0,0,0.0,1.0,0,0.0,1.0,0,0.0,1.0,0,0.0,1.0,0,0.0,1.0,0,0.0,1.0,0,0.0,1.0,0,0.0,1.0,0,0.0,1.0,0,0.0
30.0,1,0.0,0.0,8.653101532003854,0,0.0,1.0,0,0.0,1.0,0,0.0,1.0,0,0.0,1.0,0,0.0,1.0,0,0.0,1.0,0,0.0,1.0,0,0.0,1.0,0,0.0,1.0,0,0.0,1.0,0,0.0,1.0,0,0.0,1.0,0,0.0,1.0,0,0.0,1.0,0,0.0,1.0,0,0.0
40.0,1,0.0,0.0,11.321116878043387,0,0.0,1.0,0,0.0,1.0,0,0.0,1.0,0,0.0,1.0,0,0.0,1.0,0,0.0,1.0,0,0.0,1.0,0,0.0,1.0,0,0.0,1.0,0,0.0,1.0,0,0.0,1.0,0,0.0,0.9459936252721781,0,0.0,1.0,0,0.0,1.0,0,0.0,1.0,0,0.0
50.0,1,0.0,0.0,11.788794884000422,0,0.0,1.0,0,0.0,1.0,0,0.0,1.0,0,0.0,1.0,0,0.0,1.0,0,0.0,0.6657044819586753,0,0.0,1.0,0,0.0,1.0,0,0.0,1.0,0,0.0,1.0,0,0.0,1.0,0,0.0,1.0,0,0.0,1.0,0,0.0,1.0,0,0.0,1.0,0,0.0
60.0,2,5.0,0.08333333333333333,12.414384862501167,0,0.0,1.0,0,0.0,1.0,0,0.0,1.0,0,0.0,1.0,0,0.0,1.0,1,5.0,3.7394915725488305e-05,0,0.0,1.0,0,0.0,1.0,0,0.0,1.0,0,0.0,1.0,0,0.0,1.0,0,0.0,1.0,0,0.0,1.0,0,0.0,1.0,0,0.0,1.0,1,5.0
70.0,2,15.0,0.21428571428571427,13.889713384834533,0,0.0,1.0,0,0.0,1.0,0,0.0,0.35305052821325555,0,0.0,1.0,0,0.0,1.0,1,15.0,0.08671121069000513,0,0.0,1.0,0,0.0,1.0,0,0.0,1.0,0,0.0,1.0,0,0.0,1.0,0,0.0,1.0,0,0.0,1.0,0,0.0,1.0,0,0.0,1.0,1,15.0
80.0,4,42.0,0.5316455696202531,13.336618650669411,0,0.0,1.0,0,0.0,1.0,1,8.0,0.0,0,0.0,1.0,0,0.0,1.0,2,34.0,0.0,0,0.0,1.0,0,0.0,1.0,0,0.0,1.0,0,0.0,1.0,0,0.0,1.0,0,0.0,1.0,0,0.0,1.0,0,0.0,1.0,0,0.0,1.0,3,42.0
90.0,5,73.0,0.8202247191011236,13.623177582775881,0,0.0,1.0,0,0.0,1.0,1,18.0,0.0,0,0.0,1.0,0,0.0,1.0,2,54.0,0.3239538352790831,0,0.0,1.0,0,0.0,0.39603990395553984,0,0.0,1.0,0,0.0,1.0,0,0.0,1.0,0,0.0,1.0,0,0.0,1.0,0,0.0,1.0,0,0.0,1.0,3,72.0
100.0,3,5.0,0.05102040816326531,12.969705124071393,0,0.0,1.0,0,0.0,1.0,0,0.0,1.0,0,0.0,1.0,0,0.0,1.0,2,5.0,0.2988114561926958,0,0.0,1.0,0,0.0,1.0,0,0.0,1.0,0,0.0,1.0,0,0.0,1.0,0,0.0,1.0,0,0.0,1.0,0,0.0,1.0,0,0.0,1.0,2,5.0
110.0,5,30.0,0.2803738317757009,14.654405680338114,0,0.0,0.2973691084601858,0,0.0,1.0,0,0.0,1.0,0,0.0,1.0,0,0.0,1.0,4,30.0,0.0002122605351047361,0,0.0,1.0,0,0.0,1.0,0,0.0,1.0,0,0.0,1.0,0,0.0,0.9651003777236271,0,0.0,1.0,0,0.0,0.6302825042522234,0,0.0,1.0,0,0.0,1.0,4,30.0
120.0,7,79.0,0.6869565217391305,13.292893888819062,1,8.0,0.0,0,0.0,1.0,0,0.0,0.012645370159402553,0,0.0,1.0,0,0.0,0.8023774612566098,4,70.0,0.23356637740639852,0,0.0,1.0,0,0.0,1.0,0,0.0,1.0,0,0.0,1.0,1,1.0,0.004451563222419778,0,0.0,1.0,0,0.0,1.0,0,0.0,0.9617742759179424,0,0.0,0.5770746858702682,6,79.0
130.0,9,101.0,0.8145161290322581,12.963260356865616,1,18.0,0.0,0,0.0,1.0,0,0.0,1.0,0,0.0,1.0,1,4.0,0.2564068550852469,3,60.0,0.0,1,2.0,0.002440448835148333,0,0.0,1.0,0,0.0,1.0,0,0.0,1.0,1,11.0,0.0,0,0.0,1.0,0,0.0,1.0,0,0.0,1.0,1,6.0,0.0,8,101.0
140.0,6,55.0,0.4166666666666667,13.075358014032389,0,0.0,1.0,0,0.0,1.0,0,0.0,1.0,0,0.0,1.0,2,20.0,0.08597552029615001,1,32.0,0.3291689224444422,0,0.0,1.0,0,0.0,1.0,0,0.0,0.3120455123489703,0,0.0,1.0,0,5.0,0.2985196298318892,1,2.0,0.318802445807816,0,0.0,1.0,0,0.0,1.0,0,5.0,0.25448811280294215,4,64.0
150.0,14,108.0,0.7714285714285715,12.66036480948451,0,0.0,1.0,0,0.0,1.0,0,0.0,1.0,0,0.0,1.0,0,0.0,1.0,2,51.0,0.0,2,20.0,0.012545427458041549,0,0.0,1.0,1,5.0,0.17500428984700359,0,0.0,1.0,1,8.0,1.382011056334622e-05,2,22.0,0.0,0,18.0,0.4439151498036158,0,0.0,1.0,2,17.0,2.3933623500859597e-06,10,141.0
160.0,16,235.0,1.598639455782313,12.188457774167066,0,0.0,1.0,0,0.0,1.0,0,0.0,0.938159704737218,0,0.0,1.0,0,0.0,0.07786856957789846,2,71.0,0.46717436249708577,4,59.0,0.0,0,0.0,0.6420111300004044,0,0.0,1.0,0,0.0,1.0,1,18.0,0.0026826678540157315,2,42.0,0.0,4,44.0,0.025702923710693687,0,0.0,1.0,2,37.0,0.0,15,271.0
170.0,25,377.0,2.432258064516129,12.09321008105034,0,0.0,1.0,0,0.0,1.0,2,5.0,0.0005171067446787478,0,0.0,1.0,1,9.0,0.0,3,33.0,0.0002784092786162335,5,104.0,0.0,1,6.0,0.0,0,0.0,1.0,0,0.0,1.0,2,38.0,0.0,2,62.0,0.0,5,93.0,0.0007251377222774056,1,6.0,0.4766271871709159,2,59.0,0.2225436383804479,24,415.0
180.0,28,617.0,3.808641975308642,11.631425850543415,0,0.0,1.0,0,0.0,1.0,2,25.0,0.2705916444857637,0,0.0,1.0,0,0.0,1.0,4,66.0,0.0009536896516868611,5,154.0,0.0,1,16.0,0.0,0,0.0,1.0,0,0.0,1.0,2,58.0,0.0,2,82.0,0.011827428135433108,6,153.0,0.0,1,16.0,0.0,4,83.0,0.00019827970545558283,27,653.0
190.0,6,57.0,0.33727810650887574,13.871527790006184,1,4.0,1.0870395754459002e-05,0,0.0,1.0,2,30.0,0.0,0,0.0,1.0,0,0.0,1.0,2,23.0,0.08551050263144121,0,0.0,0.3351887116749658,0,0.0,1.0,0,0.0,0.8165570794790454,0,0.0,1.0,0,1.0,0.5835002402239966,0,0.0,0.5400070374344549,0,0.0,1.0,0,0.0,1.0,0,0.0,1.0,5,58.0
200.0,15,140.0,0.7865168539325843,13.965265095016052,1,14.0,0.0,0,1.0,0.8430136364506904,2,50.0,0.0,0,0.0,0.9882112549291951,1,1.0,0.20341941321842152,4,52.0,0.07654174164873977,1,7.0,0.0,0,0.0,1.0,0,0.0,1.0,0,0.0,1.0,1,7.0,0.0,1,3.0,0.20908845726444805,0,0.0,1.0,0,2.0,0.7800237859076128,0,1.0,0.7383969514016324,11,138.0
210.0,20,291.0,1.572972972972973,13.892706749013549,1,24.0,0.0,3,12.0,6.604230259448799e-06,2,70.0,0.0,0,0.0,1.0,2,17.0,0.13351592514737706,5,93.0,0.1066094642259703,1,17.0,0.0,0,0.0,1.0,0,0.0,1.0,0,0.0,1.0,1,17.0,0.0,1,13.0,0.6097929279652434,0,0.0,1.0,0,0.0,0.9585322128624402,1,5.0,0.4853659955789817,17,268.0
220.0,17,271.0,1.4114583333333333,13.509536216184783,1,34.0,0.0,3,42.0,0.23849574218985686,1,39.0,0.4783685092921302,0,0.0,1.0,0,0.0,1.0,4,50.0,0.07606280188130568,1,27.0,0.0,0,0.0,0.9285969603617251,0,0.0,0.8685348155021441,0,0.0,1.0,1,27.0,0.0,2,28.0,0.3323184788359315,0,0.0,1.0,1,3.0,0.00030117226852928794,1,15.0,0.5126317746065988,15,265.0
230.0,9,100.0,0.4975124378109453,12.987635171643932,0,0.0,0.6198220439041056,0,0.0,0.1196592938015869,3,57.0,4.00001177010895e-06,0,0.0,1.0,0,0.0,1.0,2,23.0,0.5648448079396031,0,0.0,1.0,1,2.0,0.06718691178849413,0,0.0,1.0,0,0.0,1.0,0,5.0,0.27176616975074447,1,1.0,0.221228362635788,0,0.0,0.334080746338526,0,0.0,1.0,0,5.0,0.6829341315082609,7,93.0
240.0,20,235.0,1.1519607843137254,13.067228014850752,0,0.0,1.0,0,0.0,1.0,3,90.0,0.2575369376114539,0,0.0,1.0,0,1.0,0.4010840200135069,4,51.0,0.1614523218136043,1,8.0,0.079161457518861,2,20.0,0.16393850288730558,0,0.0,0.6129942813301191,0,0.0,1.0,1,12.0,0.4915253763778949,2,18.0,0.22324642043750356,1,26.0,0.291887826946088,1,1.0,0.0007009611264792017,1,9.0,0.0,16,236.0
250.0,35,380.0,1.8269230769230769,11.686195177485917,0,0.0,1.0,0,0.0,1.0,4,71.0,0.20030242530593517,0,0.0,1.0,0,0.0,1.0,5,101.0,0.31149162631313687,5,36.0,0.00021166056264388717,3,43.0,0.0,1,6.0,0.0,2,44.0,0.12104410172817072,3,31.0,1.0613389768414386e-05,3,44.0,0.0,6,66.0,0.11224472148997455,1,11.0,0.0,1,19.0,0.1801102266034314,34,472.0
260.0,45,729.0,3.4065420560747666,11.102680419598494,0,0.0,1.0,0,0.0,1.0,7,127.0,0.030294797899678122,0,0.0,1.0,0,0.0,1.0,7,123.0,0.03201510004656701,5,86.0,0.0,3,73.0,0.0,0,0.0,0.2933864296277415,6,97.0,0.0,3,61.0,0.0,3,74.0,0.0,7,130.0,0.0,1,21.0,0.0,2,36.0,0.18920250221816756,44,828.0
270.0,54,1202.0,5.366071428571429,10.087002157286559,0,0.0,1.0,0,0.0,1.0,9,208.0,0.0829195049867068,0,0.0,1.0,0,0.0,1.0,8,197.0,0.10363424758043678,5,136.0,0.0,3,103.0,0.0,1,4.0,6.681249311015191e-05,7,161.0,2.9773162578032878e-06,3,91.0,0.0,3,104.0,0.12928503281502227,9,204.0,0.0003211829381839517,2,32.0,0.0008426908721008901,3,62.0,2.3769421293401086e-06,53,1302.0
280.0,10,86.0,0.37719298245614036,13.735420829719962,0,0.0,1.0,0,0.0,0.4657329729522339,3,98.0,0.048606542938901584,0,0.0,1.0,0,0.0,1.0,4,64.0,0.11533557794091835,0,0.0,1.0,0,0.0,1.0,0,1.0,0.8720658027172025,0,0.0,1.0,0,0.0,0.8097016826637174,1,7.0,0.349135558281229,0,5.0,0.3466821027696934,0,3.0,0.4745194464196652,0,0.0,1.0,8,178.0
290.0,19,215.0,0.9110169491525424,12.996204195835597,0,0.0,0.4121260702645476,2,14.0,0.4864969380950341,4,93.0,0.14308668214141385,0,0.0,0.8448086795838176,0,1.0,0.2526205804808874,4,104.0,0.0,0,0.0,1.0,0,0.0,0.7956556684500944,0,8.0,0.3431470507331942,0,0.0,1.0,0,0.0,1.0,2,27.0,0.14727258106814664,0,0.0,0.9158485187037202,1,13.0,0.23493310472618475,0,3.0,0.9928584838888941,13,263.0
300.0,33,471.0,1.9462809917355373,13.212075195709614,0,0.0,1.0,6,53.0,1.3716906025768066e-05,8,159.0,0.12765448558950043,0,0.0,1.0,0,0.0,1.0,4,144.0,0.0036158306651787758,0,0.0,0.020716088722317044,0,0.0,0.3812201546157249,2,13.0,0.33397283469872685,0,0.0,1.0,0,0.0,1.0,3,54.0,0.0,0,0.0,0.9750705880539938,1,22.0,0.0,0,0.0,0.47240417000752966,24,445.0
310.0,35,669.0,2.7418032786885247,12.568428034088363,0,0.0,1.0,6,114.0,0.03282907516787061,11,254.0,0.11234731015722772,0,0.0,1.0,0,0.0,0.31578458657201497,5,92.0,0.005511947210689456,1,10.0,0.07870559311030907,0,0.0,1.0,3,41.0,0.007381564370468162,0,0.0,1.0,0,0.0,1.0,3,84.0,0.0,0,0.0,1.0,1,32.0,0.0,0,0.0,0.6086838367304674,30,627.0
320.0,26,510.0,2.064777327935223,12.043473481603154,0,0.0,0.6896187610314217,0,50.0,0.1329589121720154,13,372.0,2.7798576654146116e-05,0,0.0,1.0,0,0.0,1.0,2,28.0,0.0,3,15.0,0.00017237308832098385,1,1.0,0.0017244917463487186,0,24.0,0.08572747628352878,0,0.0,1.0,0,0.0,0.21487901106516474,1,1.0,0.07498453824300522,0,0.0,0.602539966350894,0,1.0,0.9933294148618228,0,0.0,0.7631375992034795,20,492.0
330.0,34,799.0,3.145669291338583,12.7924182191752,0,0.0,1.0,0,0.0,1.0,13,502.0,0.0,0,0.0,1.0,0,1.0,0.9814759647024585,2,48.0,0.0,5,57.0,0.013314112888803104,1,15.0,0.3927531703807539,0,0.0,0.806692913277967,0,0.0,1.0,1,19.0,0.3953355491239763,3,27.0,0.0,1,25.0,0.3569233849208727,1,17.0,0.24755643141178513,0,0.0,1.0,27,711.0
340.0,49,1094.0,4.207692307692308,11.719522024649143,0,0.0,1.0,0,0.0,1.0,12,559.0,0.06662719257929992,0,0.0,1.0,0,0.0,1.0,2,68.0,0.34208611993560883,6,115.0,0.0,2,30.0,0.10063497517631959,0,4.0,0.3787952023117591,1,23.0,0.21445848159897762,5,52.0,0.1126584481206654,3,57.0,0.27602930368271356,6,63.0,0.04133088038654588,5,58.0,1.2468743620619707e-06,0,0.0,1.0,42,1029.0
350.0,65,1569.0,5.965779467680608,10.658249433527557,0,0.0,0.9549658306541607,0,0.0,1.0,14,686.0,0.04774062529024135,0,0.0,1.0,0,0.0,0.3891766863994948,2,52.0,0.33731800641775983,6,175.0,0.0,3,56.0,0.0,2,12.0,0.0008328576858537012,7,63.0,6.877089884444934e-05,5,102.0,0.0,5,94.0,0.06368334072037915,7,131.0,0.07400116138115702,5,108.0,0.0,0,3.0,0.40536739106002073,56,1482.0
360.0,72,2209.0,8.367424242424242,10.177984065807653,1,5.0,1.070988802126946e-05,0,0.0,1.0,16,838.0,0.0,0,0.0,1.0,0,0.0,1.0,5,46.0,0.07372664139065928,6,235.0,0.08469912425405182,3,86.0,0.0,0,13.0,0.04780329673666783,7,133.0,5.426581684975587e-07,5,152.0,0.05204708437330452,5,144.0,0.15802040820094215,9,206.0,6.591706231240038e-05,5,158.0,0.0,2,14.0,1.3023678233224625e-05,64,2030.0
370.0,31,1326.0,4.966292134831461,11.959293729611012,2,19.0,0.0016189961335059757,0,0.0,0.5960781091215073,16,998.0,0.0005958193220382922,0,0.0,1.0,0,0.0,1.0,4,59.0,0.14255487460151817,1,8.0,0.3945934803542907,0,0.0,0.551480231687055,0,0.0,0.7806943306228014,0,0.0,1.0,0,0.0,0.6108268781523298,1,19.0,0.3067272256679649,0,0.0,0.9442968984825446,0,0.0,1.0,0,3.0,0.5347226539855804,24,1106.0
380.0,42,1704.0,6.311111111111111,12.197115186453873,3,42.0,0.00010328374181179295,2,44.0,0.507385099879505,17,1167.0,0.04382685001328493,0,0.0,1.0,0,0.0,0.2824062283627049,7,123.0,0.16563949640358488,3,30.0,0.0014861672578456808,0,0.0,1.0,0,0.0,1.0,0,39.0,0.5059816982603068,0,0.0,0.8790313611351239,1,13.0,0.0,0,0.0,1.0,0,2.0,0.8541599213513128,0,3.0,0.5584174484326914,33,1463.0
390.0,60,2198.0,7.992727272727273,11.284536217714349,3,72.0,0.1566830871907772,6,49.0,0.0001212684469815728,19,1356.0,0.03186285529571483,0,0.0,1.0,0,0.0,1.0,11,213.0,0.0716313809126943,4,70.0,0.1221859034603336,0,0.0,1.0,1,4.0,0.10472281933829904,0,0.0,1.0,0,0.0,0.9808488309209158,1,31.0,0.4873165275940912,0,0.0,1.0,0,0.0,0.9463086747817073,3,14.0,0.1939096878108182,48,1809.0
400.0,61,2581.0,9.31768953068592,10.93778822419102,4,107.0,1.9568924889466674e-06,6,110.0,0.049708919017927865,20,1549.0,0.022927786189066587,0,0.0,1.0,0,0.0,1.0,8,209.0,0.0811177974259374,6,117.0,0.00014923791886372215,0,0.0,0.8162742083001367,1,14.0,0.0021526470388350013,0,0.0,1.0,0,2.0,0.9983767716310936,1,33.0,0.48303697014937125,0,0.0,1.0,1,4.0,6.014732974982554e-06,6,68.0,1.5140467880000016e-06,53,2213.0
410.0,46,2347.0,8.293286219081272,11.066081978154797,0,43.0,0.20310567489431655,0,46.0,0.12260905076553692,23,1786.0,0.010448570972706323,0,0.0,1.0,1,2.0,0.0009016438718177031,4,79.0,0.13526661674090146,1,86.0,0.05759271214182189,2,10.0,0.2583530829158309,0,0.0,1.0,0,0.0,1.0,1,3.0,2.2847528496430355e-05,1,2.0,0.1088772702447794,0,0.0,1.0,0,5.0,0.37928374063221854,4,100.0,0.003374366442877631,37,2162.0
420.0,54,2786.0,9.985663082437275,11.657374608155258,0,0.0,1.0,0,0.0,0.3455641515127732,24,2024.0,0.030726420803727398,0,0.0,1.0,1,13.0,0.3031480501766118,5,125.0,0.0,1,34.0,0.12134166631884336,3,34.0,0.0,0,0.0,1.0,0,0.0,1.0,1,18.0,0.03610058104681736,2,20.0,0.0,0,21.0,0.5887976798701337,0,5.0,0.007738673244751918,6,159.0,0.0,43,2453.0
430.0,66,3355.0,11.93950177935943,10.49940397114019,0,0.0,1.0,0,0.0,1.0,26,2276.0,0.0026477272707554262,0,0.0,1.0,0,0.0,1.0,5,175.0,0.010922634141130894,3,76.0,0.0015539453948702365,4,74.0,1.0642539033231778e-05,0,0.0,1.0,0,11.0,0.1124110510704298,2,36.0,0.0,2,47.0,0.2886414656043522,7,54.0,0.05449360075314226,1,15.0,0.0,6,219.0,0.0,56,2983.0
440.0,82,4011.0,14.123239436619718,9.740944057941984,0,0.0,1.0,0,0.0,0.26667202559550557,28,2549.0,0.021736530528001365,0,0.0,1.0,0,0.0,1.0,5,180.0,0.005252194871403701,4,116.0,0.0,4,114.0,0.0,0,0.0,1.0,4,41.0,1.3304886139734612e-06,2,56.0,0.0,3,69.0,0.0,10,147.0,0.05123352179841559,2,26.0,0.0006670613579007075,6,279.0,0.0,68,3577.0
450.0,81,4635.0,16.149825783972126,10.008008051344122,0,0.0,1.0,1,1.0,0.0027224992278454788,30,2840.0,4.5165543884485314e-07,0,0.0,1.0,0,0.0,1.0,5,175.0,0.1977622376393482,4,156.0,0.0,4,154.0,0.0,0,0.0,1.0,1,54.0,0.04749886677562591,2,76.0,0.0,3,99.0,0.0,11,254.0,0.0,2,46.0,0.09511170330395143,6,339.0,0.0,69,4194.0
460.0,45,3915.0,13.736842105263158,11.980001462461843,0,0.0,0.5915700664576323,1,14.0,0.45610756591783963,31,3144.0,2.388770393390625e-06,0,0.0,1.0,0,0.0,1.0,2,75.0,0.23084546208950393,0,0.0,1.0,0,0.0,1.0,0,0.0,0.7435363293911941,0,0.0,1.0,0,0.0,0.7342491374220178,0,0.0,1.0,0,47.0,0.27253073231680536,1,7.0,0.0,0,112.0,0.1699297418345889,35,3399.0
470.0,59,4432.0,15.442508710801393,11.413740243490576,1,7.0,0.0,5,45.0,0.25668591379862016,31,3454.0,0.003569313234858131,0,0.0,1.0,0,0.0,0.38118790312242273,4,109.0,0.17558576457312108,0,0.0,1.0,0,36.0,0.9653675007015672,3,19.0,0.15309630302519098,0,0.0,1.0,0,0.0,0.608575670421015,0,0.0,1.0,0,0.0,0.74326297143451,1,17.0,0.0,0,0.0,0.4202453437822124,45,3687.0
480.0,77,5125.0,17.67241379310345,10.95406571298165,1,17.0,0.0,10,153.0,0.0008179058815418041,32,3773.0,0.0,0,0.0,1.0,0,0.0,1.0,7,166.0,5.2629793895212886e-06,0,1.0,0.8586809761915406,0,0.0,1.0,10,104.0,0.11835006327249115,0,0.0,1.0,1,7.0,0.4986566174359074,0,0.0,1.0,0,0.0,1.0,1,27.0,0.0,0,0.0,1.0,62,4248.0
490.0,66,5571.0,19.078767123287673,10.85955507621462,1,27.0,0.5049438654584706,11,232.0,0.04338031375049397,32,4093.0,0.0,0,0.0,1.0,0,0.0,1.0,5,159.0,0.012895293885667772,1,6.0,0.0,0,0.0,1.0,1,70.0,0.25755346660021206,0,0.0,1.0,1,17.0,0.497036592698727,0,0.0,1.0,0,0.0,1.0,1,51.0,0.35207534058536916,0,0.0,1.0,53,4655.0
500.0,67,5745.0,19.540816326530614,10.301633015214687,0,1.0,0.2744672086519586,3,191.0,0.0653556246230294,32,4413.0,0.0,0,0.0,1.0,0,0.0,0.7926248803029216,2,117.0,0.2484573721554379,2,6.0,6.487997740626561e-05,1,14.0,0.21739440807935917,4,51.0,0.000190239638814881,1,4.0,5.8532841365936375e-06,0,0.0,0.03312942719430689,0,0.0,1.0,1,4.0,0.1699707477652818,3,32.0,0.279840085721694,1,8.0,0.15485431884894799,50,4841.0
510.0,79,6377.0,21.327759197324415,10.826082152053612,1,9.0,0.0,0,12.0,0.3114771930925094,32,4733.0,0.0,0,0.0,1.0,0,0.0,1.0,3,145.0,0.0,3,35.0,4.742531166828652e-06,3,36.0,0.18032242801256443,1,33.0,0.0035026356437054392,1,10.0,0.0,1,9.0,0.0,0,4.0,0.7953563761049811,2,32.0,0.2854428726449388,10,110.0,0.08579998638009584,2,21.0,0.18052553208624303,59,5189.0
520.0,90,7130.0,23.45394736842105,10.278104066866403,2,25.0,1.9548430004465876e-05,0,0.0,1.0,31,5004.0,0.0,0,0.0,1.0,1,2.0,0.0003285456197829576,3,175.0,0.34907918042685904,3,65.0,0.0,5,67.0,0.1571678497472327,2,53.0,0.11894446671073423,2,44.0,0.26066380253756016,1,19.0,0.0,1,4.0,0.35094727090090705,6,67.0,0.057546381369790636,11,209.0,0.0,3,48.0,0.0,71,5782.0
530.0,99,7870.0,25.718954248366014,9.451558796340025,1,29.0,0.48953551374724824,0,0.0,1.0,31,5314.0,0.0,1,3.0,0.00022747521485272783,0,0.0,0.5490384894797846,3,71.0,0.014481106709375843,3,95.0,0.0,5,117.0,0.0,0,0.0,1.0,8,116.0,0.03234515280039375,1,29.0,0.0,3,22.0,0.05428513170236635,7,134.0,0.0,11,324.0,0.08292091004199979,3,78.0,0.0,77,6332.0
540.0,115,8915.0,29.039087947882734,8.889399938666728,2,44.0,0.0,0,0.0,1.0,32,5625.0,7.814931768364783e-05,1,10.0,0.0,0,0.0,1.0,5,72.0,0.1325931908372864,3,125.0,0.06809435909717776,5,167.0,0.0,0,0.0,1.0,14,235.0,5.0679534564939345e-05,1,39.0,0.0,5,57.0,0.07008640415246269,9,208.0,0.0010343314165925834,11,431.0,0.1258964419543154,3,110.0,0.21356382881461997,91,7123.0
550.0,64,8091.0,26.355048859934854,10.673360260775247,2,64.0,0.004475308518573356,0,1.0,0.5551081458813943,33,5955.0,0.0,0,0.0,1.0,1,11.0,0.2147195563142227,1,20.0,0.0,1,3.0,0.0,0,0.0,0.6816887127916604,0,5.0,0.593199924311672,0,75.0,0.1336187696213191,0,0.0,0.5652085505421399,0,0.0,0.44544370294256785,0,0.0,1.0,2,126.0,0.1892162315911286,1,5.0,0.10809747423183495,41,6265.0
560.0,77,8782.0,28.42071197411003,11.02466088882666,3,94.0,0.0,3,16.0,0.3197119075864767,33,6285.0,0.0,0,0.0,1.0,2,35.0,0.03292493425433983,1,31.0,0.3732202849015914,1,13.0,0.39444562789910764,0,0.0,0.9850719025660744,2,8.0,0.03626761390362414,2,28.0,0.09596389583869229,0,0.0,0.9064226354339104,0,0.0,1.0,0,0.0,0.9767562386309678,2,30.0,0.0,1,17.0,0.3514874426950223,50,6557.0
570.0,83,9527.0,30.53525641025641,11.067525603629473,3,124.0,0.0,6,58.0,0.13645416577002806,33,6615.0,0.0,0,0.0,1.0,0,0.0,0.41218766700873755,5,62.0,0.07501903517997686,1,23.0,0.4208050559536434,0,0.0,1.0,0,0.0,0.51215846465081,2,30.0,0.022997606656874073,1,5.0,0.30226595728943934,0,0.0,0.9608708727224687,0,0.0,1.0,2,53.0,0.4940894500537203,1,25.0,0.0,54,6995.0
580.0,79,9574.0,30.201892744479494,10.926774732003445,3,154.0,0.0,7,124.0,0.08627935559096502,32,6640.0,0.0,0,0.0,1.0,0,0.0,1.0,3,48.0,0.16781615178816303,2,41.0,0.24577949547748684,0,0.0,1.0,0,1.0,0.559690929421561,1,28.0,0.0005312518798755494,2,21.0,0.0,0,0.0,1.0,0,0.0,1.0,2,70.0,0.3226368865485592,2,43.0,0.41075558468447415,54,7170.0
590.0,59,7151.0,22.41692789968652,11.020052001718872,0,42.0,0.15616815475564333,0,68.0,0.11232574776046847,29,6635.0,0.006063195521084138,0,6.0,0.8140988962444051,0,0.0,1.0,2,49.0,0.3332233692560858,1,15.0,0.10281178868198865,1,7.0,0.0,0,0.0,1.0,1,32.0,0.00013531948500285145,1,8.0,0.17859212137768077,1,3.0,0.00012246755443636248,0,0.0,1.0,0,0.0,1.0,1,2.0,0.09168671776878932,37,6867.0
600.0,56,4532.0,13.987654320987655,11.122230071543301,1,6.0,0.0,0,0.0,1.0,24,6893.0,0.006710345767867274,1,12.0,0.0,0,0.0,0.9064115879951584,2,69.0,0.0,3,34.0,0.013086827170498534,1,17.0,0.0,0,0.0,1.0,1,42.0,0.0,3,25.0,0.009173003148759216,1,24.0,0.36860395453784883,1,14.0,0.15116693944435142,0,0.0,0.9607654373669389,1,12.0,0.0,39,7148.0
610.0,57,2522.0,7.736196319018405,11.31893144245573,1,16.0,0.4868467993712162,0,0.0,1.0,19,6705.0,0.015663836910485243,1,22.0,0.0,1,4.0,0.0,2,89.0,0.0,5,68.0,0.14121959057732966,1,32.0,0.3648764035783856,0,0.0,1.0,2,77.0,0.14593030367042154,4,64.0,0.0,3,47.0,0.0,4,67.0,0.2525057294495239,0,0.0,1.0,1,22.0,0.0,44,7213.0
620.0,77,1534.0,4.620481927710843,10.386634650553136,1,26.0,0.3329833482816003,0,0.0,1.0,25,7236.0,0.01280650375719457,1,32.0,0.0,1,16.0,0.5241175888463355,1,54.0,0.19477470621297602,6,126.0,0.0,2,46.0,0.0,0,0.0,1.0,6,116.0,0.010540509869110051,4,104.0,0.0,3,77.0,0.0,12,157.0,4.6030289569889895e-05,0,0.0,1.0,1,32.0,0.0,63,8022.0
630.0,91,2312.0,6.984894259818731,10.306328886385078,1,36.0,0.0,0,0.0,1.0,32,7525.0,3.2998103506978336e-05,1,42.0,0.0,1,5.0,0.00013160005364872031,2,18.0,0.46829197790768146,6,186.0,0.0,2,66.0,0.01663743153132716,0,0.0,1.0,9,184.0,0.0018571202661032417,4,144.0,0.0,3,107.0,0.24984194345803182,12,277.0,0.0,0,4.0,0.9764144442925915,1,42.0,0.0,74,8636.0
640.0,39,1236.0,3.68955223880597,12.134457558792153,0,0.0,0.7040970980127713,0,1.0,0.658244737569717,15,7074.0,0.005086316143185604,0,0.0,1.0,0,0.0,1.0,2,26.0,0.3249176166768476,0,14.0,0.5877068292992654,0,0.0,0.7927827138112707,0,0.0,0.7620107064622389,0,8.0,0.10465371572188825,0,0.0,0.6875994409123416,1,1.0,0.40876523343917137,0,0.0,1.0,1,7.0,0.44019772247226263,0,0.0,1.0,19,7131.0
650.0,58,1416.0,4.265060240963855,12.219639440265054,1,5.0,0.0,2,10.0,0.4724032110612434,18,7235.0,0.003206105122672295,0,0.0,1.0,0,0.0,0.7002190403641393,3,50.0,0.22673535994613148,0,0.0,1.0,0,2.0,0.7997592813810153,0,572.0,0.658440268732051,0,14.0,0.26790560246650574,0,0.0,0.9860814581713395,3,23.0,2.6791907542264435e-06,0,0.0,1.0,3,25.0,0.1835089654039647,0,0.0,0.9641304354850126,30,7936.0
660.0,78,1918.0,5.708333333333333,11.339387760938246,1,15.0,0.0,5,41.0,0.00864112067158238,28,7475.0,0.0007686697049328668,0,0.0,1.0,0,0.0,0.2016133331507147,8,117.0,0.11918215297997208,0,0.0,1.0,0,0.0,0.2705368807822722,0,11.0,0.996976492973527,1,16.0,0.0,0,0.0,1.0,4,57.0,0.0,0,0.0,1.0,3,54.0,0.0,1,5.0,0.47781043152607544,51,7791.0
670.0,67,1676.0,4.988095238095238,10.826417932286011,1,25.0,0.03276990446378355,7,111.0,0.04988714528428001,21,7662.0,0.008401087056014823,0,0.0,1.0,2,7.0,6.774430553417495e-05,8,417.0,0.11492653937863107,0,0.0,1.0,1,9.0,0.0,1,15.0,4.2923936453200455e-05,0,20.0,0.21788517816250869,0,0.0,1.0,4,97.0,0.0,0,0.0,1.0,3,84.0,0.0,2,23.0,0.29438296646334405,50,8470.0
680.0,50,1439.0,4.244837758112094,11.352247176666777,0,10.0,0.3823624843096055,0,61.0,0.08744628441418413,23,7876.0,0.004660651696404614,0,35.0,0.8717355100423089,0,0.0,1.0,4,60.0,0.05346680898108156,0,0.0,1.0,0,4.0,0.3672831190526641,0,0.0,0.23084880508671649,1,7.0,0.0,0,5.0,0.30268600668983636,1,33.0,0.27102639918694943,0,0.0,1.0,0,6.0,0.023819938707734092,1,4.0,0.09824092734383967,30,8101.0
690.0,57,777.0,2.3403614457831323,11.802571596199956,0,0.0,1.0,0,0.0,1.0,29,8474.0,0.020111820926933484,1,4.0,0.0,0,0.0,1.0,4,100.0,0.0,1,7.0,0.08489050820466428,0,0.0,0.23504082514562258,0,0.0,1.0,1,17.0,0.0,1,13.0,0.09447917178870147,3,21.0,0.112046097319028,0,18.0,0.4264357671751546,1,16.0,0.4918126143941694,3,27.0,0.00015964294500506884,44,8697.0
700.0,70,1221.0,3.7339449541284404,10.810523676630517,0,0.0,1.0,0,0.0,1.0,30,8685.0,0.007553170420304001,1,14.0,0.0,0,0.0,0.10647250480091681,4,140.0,0.0,3,23.0,0.0012356959485261662,2,15.0,0.0,0,0.0,1.0,1,38.0,0.25482841800694145,3,41.0,0.18534292191858534,4,61.0,0.0,6,69.0,0.14412187169556764,1,28.0,0.04071437462773977,3,57.0,0.0,58,9171.0
710.0,77,1839.0,5.6067073170731705,10.770254379011428,0,0.0,1.0,0,0.0,0.34788981519300105,30,8931.0,0.0,1,24.0,0.0,0,0.0,1.0,4,126.0,0.000207296897259817,3,53.0,0.0,2,35.0,0.0,0,0.0,1.0,8,129.0,0.010998532161470658,4,77.0,0.0,4,105.0,0.2059969137124641,7,136.0,0.0,2,54.0,0.325405158781666,3,89.0,0.06862357996043685,68,9759.0
720.0,86,2571.0,7.767371601208459,10.376190426690059,0,0.0,1.0,0,0.0,1.0,31,9264.0,0.0012316337039590256,1,34.0,0.0,0,0.0,1.0,4,166.0,0.039276278038533806,3,83.0,0.0,2,55.0,0.0,0,0.0,1.0,10,280.0,0.0011554929137808896,4,117.0,0.0,7,157.0,0.019769090895895063,7,206.0,0.0,2,70.0,0.32288051391485467,4,126.0,0.0,75,10558.0
730.0,35,790.0,2.337278106508876,12.102774724110553,0,0.0,1.0,0,0.0,1.0,16,7700.0,0.037647122368991225,0,0.0,1.0,1,11.0,0.0,3,47.0,0.2329942309565937,0,0.0,1.0,0,6.0,0.623183423217865,0,1.0,0.8000409827024695,0,2.0,0.4726268488799643,0,1.0,0.5631331443582287,2,42.0,0.29832469115967736,0,0.0,1.0,1,6.0,0.07677348046603931,0,1.0,0.6590621779917663,23,7817.0
740.0,33,610.0,1.8100890207715135,12.65249933281982,0,0.0,1.0,0,0.0,0.6185665463238308,8,5815.0,0.04171617976845817,0,2.0,0.8042996490087702,1,21.0,0.009602038791577656,5,87.0,0.18766035761162272,0,0.0,1.0,0,0.0,0.9599329005024927,0,0.0,1.0,0,0.0,0.8602824333184287,0,0.0,1.0,2,42.0,0.2592020825924887,0,0.0,0.8303317529798211,1,23.0,0.4974617214220641,0,1.0,0.4150097971736293,17,5991.0
750.0,36,520.0,1.543026706231454,12.624786913763137,0,0.0,0.524128105858164,2,8.0,0.00022780417542556388,9,5040.0,0.03684771068897724,0,0.0,0.5020110311252518,0,0.0,0.18150080599680538,8,163.0,0.01633878475721684,0,0.0,1.0,0,0.0,0.8898504133613098,0,0.0,0.8485082843370916,2,12.0,1.1782391826698252e-05,0,2.0,0.8410161706078396,3,63.0,0.10447463553151069,0,0.0,1.0,2,40.0,0.0,0,16.0,0.9948949874380789,26,5344.0
760.0,42,626.0,1.9027355623100304,12.147176534122751,1,6.0,0.0,2,20.0,0.10316182870806946,11,5139.0,0.031085046772994927,0,0.0,1.0,0,0.0,0.8357329759068778,8,170.0,0.028445717228970394,2,3.0,0.11564987212035022,0,0.0,0.5721499821235297,0,0.0,1.0,2,40.0,0.022358083175682737,0,2.0,0.8406493224454064,5,105.0,0.1666779496892398,0,0.0,1.0,2,104.0,0.32467134328895103,0,0.0,0.45887668896029815,33,5589.0
770.0,35,524.0,1.607361963190184,12.192978462736894,1,5.0,0.3312796390879802,0,0.0,1.0,16,6037.0,0.05937315142370834,0,0.0,1.0,1,4.0,5.475430462894554e-06,2,92.0,0.3227171705913396,2,8.0,0.008788966016653245,6,19.0,0.057599220437642346,0,6.0,0.600399238276565,0,14.0,0.444922218092385,1,6.0,0.17014755971801881,0,13.0,0.10892108096225113,0,0.0,1.0,0,0.0,1.0,0,0.0,0.9658610502268997,29,6204.0
780.0,56,976.0,2.9938650306748467,11.818025623977512,1,15.0,0.0,0,0.0,1.0,22,6460.0,0.0101181051430745,0,0.0,1.0,1,14.0,0.007727456814629005,3,93.0,0.24920195822138744,3,37.0,0.0,9,105.0,0.0,1,9.0,0.171437378538729,0,0.0,1.0,3,38.0,0.2726876028240806,2,11.0,0.0001233252549618472,1,19.0,0.3676617703973545,1,33.0,0.0029143187695191875,0,1.0,0.8164066065537368,47,6835.0
790.0,61,1170.0,3.6677115987460813,11.541044074630301,1,25.0,0.0,0,0.0,1.0,22,6590.0,0.023792042922239222,0,0.0,1.0,0,0.0,1.0,3,123.0,0.0,4,60.0,1.1665420430196538e-05,10,196.0,0.00029714712095937505,1,5.0,0.00020846504544082451,1,18.0,0.16122467687547093,6,83.0,0.07061917482920865,2,41.0,0.3024610677771469,5,55.0,0.1298377097717021,2,53.0,0.0,0,0.0,0.3179334454464525,57,7249.0
800.0,70,1681.0,5.220496894409938,10.630567224773383,1,35.0,0.0,0,0.0,1.0,23,6789.0,0.010447106618704592,0,0.0,1.0,0,0.0,1.0,1,82.0,0.23099627835091482,4,100.0,0.0,11,297.0,0.026263661156355825,1,15.0,0.0,5,65.0,0.0,8,155.0,0.0,4,73.0,0.09827685674925568,6,109.0,0.001869237002451757,2,73.0,0.2811457808479147,1,8.0,0.0,67,7801.0
810.0,80,2399.0,7.450310559006211,10.577720188714576,1,45.0,0.0,0,0.0,1.0,24,7042.0,0.0023932711263177585,0,0.0,0.49536426103805575,0,0.0,1.0,5,69.0,0.3120484679612032,4,140.0,0.0,12,412.0,0.0,0,0.0,1.0,6,116.0,0.00011530772501320685,8,235.0,0.0,4,87.0,0.02948831522656332,7,178.0,0.0,2,93.0,0.0,1,18.0,0.0,74,8435.0
820.0,25,600.0,1.8633540372670807,12.674249561778867,0,0.0,1.0,0,1.0,0.5833794735249057,12,5025.0,0.022071812026973274,0,0.0,1.0,0,0.0,0.890463566973353,4,58.0,6.444087741255038e-05,0,0.0,1.0,1,11.0,0.17370538007027228,0,1.0,0.7832423988120438,0,13.0,0.7138939343159745,0,0.0,0.42179720100354484,0,0.0,0.5654579917676056,0,0.0,1.0,0,0.0,1.0,0,1.0,0.4542739084502026,17,5110.0
830.0,33,384.0,1.1962616822429906,12.574933535612747,0,0.0,0.637564056290742,3,17.0,0.2766313783207547,4,4260.0,0.06047960673643722,0,2.0,0.9543397540393027,2,9.0,0.2953524848388586,4,103.0,0.17863701063541734,0,1.0,0.6313264989348039,1,12.0,0.6049309633283122,6,69.0,0.1263267868604018,1,12.0,0.005896462040938177,1,12.0,0.5137553029272867,0,0.0,0.2869065871155086,0,0.0,1.0,0,0.0,0.5507677269227181,0,3.0,0.6546447353502634,22,4500.0
840.0,50,690.0,2.1296296296296298,11.49026027744172,0,0.0,0.23740388366335338,5,59.0,2.578704973501887e-06,8,4310.0,0.04079515914475471,0,0.0,1.0,2,9.0,0.007076240024503002,7,164.0,0.10022624202432515,0,5.0,0.9954221650235983,1,25.0,0.4884835018297015,9,131.0,0.10847255538735019,1,22.0,0.30518179194032263,1,19.0,0.01808167706178785,1,3.0,8.148490130777778e-06,0,0.0,1.0,2,13.0,0.0,2,8.0,3.524665985273316e-05,39,4768.0
850.0,54,834.0,2.582043343653251,11.555092696754869,0,0.0,1.0,5,109.0,0.15176156540966762,13,4374.0,0.0012123904905312663,0,0.0,1.0,3,39.0,0.0,6,132.0,0.0,1,9.0,9.935542609621814e-05,1,32.0,0.0,3,49.0,0.22278697570250722,2,34.0,0.0008102279585997026,2,38.0,0.0,1,13.0,0.0,0,0.0,1.0,2,33.0,0.0,3,31.0,0.038864573923587074,42,4893.0
860.0,38,643.0,2.0608974358974357,11.699376594722132,0,0.0,1.0,1,51.0,0.15137386798426644,15,4520.0,2.573147146340685e-07,0,0.0,1.0,0,0.0,1.0,1,34.0,0.19095228583091794,2,8.0,0.1092809569820631,0,0.0,0.09049584804470233,4,76.0,0.12400347150177143,0,0.0,0.5673400509107518,0,5.0,0.284006988597101,1,2.0,3.65983042194729e-05,1,14.0,0.06186033188359243,0,0.0,1.0,1,32.0,0.1879250550845385,26,4742.0
870.0,43,966.0,3.047318611987382,12.024260596714605,0,0.0,1.0,0,0.0,1.0,15,4670.0,0.0,0,0.0,1.0,0,0.0,0.21297405575791842,3,55.0,0.00031482462925834373,3,36.0,0.0,1,9.0,0.0,5,124.0,0.0,0,0.0,0.9245890128634544,1,20.0,0.26073164581744845,1,18.0,0.2838076288396613,3,61.0,0.3326426559066393,1,51.0,0.16534388328229985,2,49.0,0.21374287521629895,35,5093.0
880.0,53,899.0,2.7919254658385095,11.715000195463947,0,0.0,1.0,0,0.0,1.0,13,4616.0,0.0,0,0.0,0.33810476600074124,1,8.0,0.0,3,86.0,0.24846139696228692,4,69.0,3.620674667540891e-05,1,19.0,0.0,0,97.0,0.10405255166450635,2,19.0,0.2370394783870714,6,61.0,0.039350691774199,2,34.0,0.0,9,117.0,0.04659225120440951,2,67.0,0.0,5,80.0,0.07209862673873622,48,5273.0
890.0,65,1379.0,4.309375,11.346173953865092,0,4.0,0.7189359604173065,0,0.0,1.0,13,4746.0,0.0,1,8.0,0.0,0,0.0,0.029391544203903094,4,67.0,0.001942186604118321,5,132.0,2.3504080619395098e-06,1,29.0,0.0,0,0.0,1.0,7,213.0,0.17801592376465145,10,142.0,0.01747614443298637,3,59.0,0.20201812033230343,10,221.0,0.029168253865970346,2,109.0,0.2651522254400657,5,130.0,0.0,61,5860.0
900.0,81,2095.0,6.650793650793651,10.697940448827202,1,9.0,0.13349087413196442,0,0.0,1.0,13,4876.0,0.0,1,18.0,0.0,1,77.0,0.36248171515484545,5,117.0,0.12009802008487676,5,146.0,0.13662640365704382,1,39.0,0.0,0,0.0,1.0,11,322.0,0.0011411896512284535,11,250.0,0.0,5,98.0,0.10153540952196209,14,354.0,1.0443794318596899e-06,3,123.0,0.0,5,180.0,0.2058037551310196,76,6609.0
910.0,24,320.0,1.0256410256410255,12.716674303148563,1,19.0,0.0,0,0.0,0.4906898777885341,7,4503.0,0.016461911702843356,0,0.0,1.0,3,104.0,0.0,2,25.0,0.32098433816658306,2,15.0,0.0,0,0.0,0.915029837965871,0,1.0,0.7592493414838549,1,19.0,0.056950869041804825,0,30.0,0.3600866762920932,1,6.0,0.41855127109610857,0,0.0,1.0,0,19.0,0.5385603599896582,0,0.0,1.0,17,4741.0
920.0,21,227.0,0.729903536977492,12.716555528899978,1,29.0,0.0,1,7.0,0.5755269722583958,2,3631.0,0.040692524123729194,0,1.0,0.9753255047674417,0,0.0,0.3059267379078482,4,55.0,0.40003115249700166,2,35.0,0.3289392449110096,0,0.0,0.9866597754012542,0,66.0,0.21914050076690397,1,24.0,0.5005146829810204,0,0.0,0.9231955626643065,2,26.0,0.4132779111908226,0,0.0,1.0,0,0.0,1.0,0,2.0,0.7907480760623642,13,3876.0
930.0,49,543.0,1.7348242811501597,11.991148425403692,1,39.0,0.47072039801218424,5,32.0,0.00010981725353710644,9,3686.0,0.005342012105752828,0,0.0,1.0,0,6.0,0.08681275717719632,12,137.0,0.0013291416498996207,2,55.0,0.0,0,0.0,1.0,2,52.0,0.2184783250456147,3,44.0,0.0026140157860451672,1,5.0,0.0,2,38.0,0.0842186115504508,0,1.0,0.925213113976151,0,0.0,0.7867196847112172,1,4.0,1.1202280712370455e-05,38,4099.0
940.0,46,753.0,2.436893203883495,12.219368666505739,2,55.0,0.0,5,82.0,0.0,11,3790.0,4.15219315334303e-06,0,0.0,1.0,0,0.0,0.9925255324059354,11,175.0,0.0,2,75.0,0.3333333333333333,0,0.0,0.5158407899932115,1,38.0,0.022124318254415423,4,84.0,0.18442733286399857,1,15.0,0.0,2,58.0,0.07538147026091828,0,0.0,0.6980814578712963,0,0.0,1.0,1,14.0,0.16078667218832363,40,4386.0
950.0,35,522.0,1.6893203883495145,12.92163139715213,0,2.0,0.20033002074352915,0,7.0,0.15694398422670228,11,3900.0,0.0,0,0.0,1.0,0,2.0,0.9837493598014747,0,2.0,0.5097430878703962,1,14.0,0.09710625068757725,3,18.0,0.119680107564782,2,51.0,2.1607683845841667e-05,5,130.0,0.0,1,7.0,0.18931934813835888,0,4.0,0.23493755323896107,2,8.0,2.445322354176729e-06,1,58.0,0.0027821431600674484,0,12.0,0.19220863155917164,26,4215.0
960.0,43,832.0,2.6666666666666665,12.660547764435082,0,0.0,1.0,0,0.0,1.0,11,4010.0,0.0,0,0.0,1.0,0,0.0,1.0,2,6.0,0.1239458410709881,2,21.0,0.11306679322055883,4,55.0,0.0,2,71.0,0.0,5,180.0,0.0,3,26.0,0.11519953874582943,0,0.0,0.01760214173603483,2,48.0,0.43739456817114136,2,78.0,0.0,2,46.0,0.23667234526115988,35,4541.0
970.0,47,933.0,2.9903846153846154,11.566051744155084,0,0.0,1.0,0,0.0,1.0,11,4120.0,0.0,0,6.0,0.24856592031888428,0,0.0,1.0,3,41.0,0.46319776968941895,3,62.0,0.003779757277828046,4,95.0,0.07168200773166851,0,0.0,1.0,3,134.0,0.32986506785105835,6,72.0,0.0012306447058526883,1,10.0,0.0,8,98.0,0.07778816563665812,2,98.0,0.0,3,51.0,0.047564180861275306,44,4787.0
980.0,59,1385.0,4.467741935483871,11.29094410023174,0,0.0,1.0,0,0.0,1.0,11,4230.0,0.0,1,7.0,0.0,0,0.0,1.0,2,42.0,0.27542224919219266,4,102.0,0.0,5,136.0,1.7879774508375036e-05,0,0.0,1.0,4,57.0,0.19514926690033288,7,142.0,5.730602799458217e-07,1,20.0,0.28342796239670437,12,209.0,0.08312109862787563,2,124.0,0.4626257750476016,4,85.0,0.0,53,5154.0
990.0,72,2005.0,6.530944625407166,10.63673995125526,0,0.0,1.0,0,0.0,1.0,11,4340.0,0.0,1,24.0,0.12853801797046735,0,0.0,1.0,5,54.0,0.004408567114988118,4,142.0,0.0,5,186.0,0.0,0,0.0,0.5639871654210683,4,97.0,0.0,7,212.0,0.0,2,35.0,0.10281221001919172,15,341.0,3.332084442292866e-05,2,138.0,0.0,6,138.0,0.0003019933716060992,62,5707.0
1000.0,15,244.0,0.8,13.51710158571408,0,0.0,0.5026921303555703,0,0.0,0.5128003402464925,5,3902.0,0.022722111654987536,0,0.0,1.0,0,0.0,0.18670462843035482,3,42.0,0.0,0,0.0,0.5670402593054568,0,0.0,0.7393675147445111,1,7.0,0.4596472533743876,1,27.0,7.070871004644102e-05,0,1.0,0.5519571876482506,0,0.0,0.6266965699176245,0,68.0,0.23105010922828956,0,0.0,0.43834096192667854,0,17.0,0.02948639195926799,10,4064.0
1010.0,17,236.0,0.7788778877887789,13.733551050702967,3,16.0,0.000395693914123511,2,14.0,0.47441632917317406,2,2930.0,0.0470430733720525,0,0.0,1.0,0,0.0,0.38152490522177984,3,72.0,0.20162907162763616,0,0.0,0.9580582542107882,0,0.0,1.0,0,66.0,0.4124486795189362,1,37.0,0.0,0,0.0,1.0,1,6.0,0.4200024299634533,0,0.0,1.0,0,56.0,0.941425616374873,0,1.0,0.38828907292731846,12,3198.0
1020.0,36,487.0,1.6019736842105263,13.306113874333388,4,61.0,0.03047305847865566,6,59.0,0.003444211383279847,7,2981.0,0.0006129327992681174,0,0.0,1.0,0,0.0,1.0,6,125.0,0.011958467517597946,0,2.0,0.8375406613852338,0,0.0,1.0,3,67.0,0.3173501145607148,1,47.0,0.0,0,0.0,1.0,1,16.0,0.38126135625996294,0,0.0,0.913125970647537,0,0.0,0.9373363893018121,1,7.0,0.0,29,3365.0
1030.0,45,749.0,2.5134228187919465,12.537350385454713,5,109.0,0.0,7,130.0,0.18115576064176198,8,3061.0,0.0,0,0.0,1.0,2,6.0,0.00021795597096890165,4,90.0,0.21441611775682218,0,4.0,0.007928781351691793,0,0.0,0.896460195679967,4,94.0,0.15550406833377178,1,57.0,0.0,0,0.0,1.0,3,35.0,0.23300600838655516,0,0.0,1.0,0,0.0,0.49946116431567095,1,17.0,0.17503688242375928,35,3603.0
1040.0,32,476.0,1.6135593220338984,12.583218946117956,1,88.0,0.10446706394752858,0,71.0,0.06923333302475637,7,3003.0,0.0,0,0.0,1.0,0,0.0,1.0,3,35.0,0.12644099483083635,1,3.0,0.21462607227805572,0,0.0,1.0,6,150.0,0.0031658080455377294,1,67.0,0.0,0,0.0,0.37874580383951895,0,1.0,0.7269292423623254,0,0.0,1.0,2,3.0,0.0006844516419880087,0,10.0,0.8561390417238273,21,3431.0
1050.0,34,528.0,1.7718120805369129,12.673699192512787,2,41.0,0.07879819912624166,0,0.0,1.0,7,3073.0,0.0,1,1.0,0.0031346485026686847,1,3.0,7.620046117155316e-05,4,71.0,0.189994914525576,5,47.0,7.419110418238582e-05,0,0.0,1.0,0,18.0,0.2819813276898671,1,77.0,0.0,2,10.0,0.11968550716773739,0,0.0,1.0,1,19.0,0.3568091668372477,3,40.0,0.22218952582540577,1,6.0,7.206133464140792e-06,28,3406.0
1060.0,47,822.0,2.7676767676767677,12.127783852978792,4,75.0,0.0,0,0.0,0.2560227107899984,7,3143.0,0.0,1,10.0,0.0,0,0.0,1.0,4,114.0,0.16935457875899557,5,97.0,0.0,0,0.0,0.48481398048319724,1,6.0,0.1795088270191431,3,112.0,0.14982419582583673,3,56.0,0.17131726702080363,0,0.0,0.9083735246410553,6,81.0,0.09561873598568633,5,76.0,7.472536522841014e-05,1,16.0,0.0,40,3786.0
1070.0,58,1237.0,4.123333333333333,11.47684970272848,4,115.0,0.0,0,0.0,1.0,7,3213.0,0.0008924451077955984,2,36.0,0.0006853614134167432,0,0.0,0.5973502767652356,3,104.0,0.18798898323636923,5,147.0,0.0,1,3.0,0.26940140057847256,1,11.0,0.0,8,167.0,0.00031737896591258765,4,84.0,0.0,1,6.0,0.1758371620787924,11,175.0,0.00016529375898826986,5,126.0,0.2777565656705096,1,31.0,0.474070509426896,53,4218.0
1080.0,71,1876.0,6.380952380952381,10.846099169539363,4,155.0,0.0,0,0.0,1.0,8,3293.0,0.0,2,56.0,0.0,1,6.0,0.0,6,122.0,3.3766930721673357e-06,5,197.0,0.0,2,32.0,0.006856721196133653,1,21.0,0.41307000868501376,8,247.0,0.0,4,124.0,0.0,2,23.0,0.0,12,288.0,8.537137788183205e-06,6,179.0,0.0,3,51.0,2.5934120247407297e-05,64,4794.0
1090.0,22,389.0,1.332191780821918,12.63434708184258,3,147.0,0.0,0,0.0,0.5169944918214755,3,2269.0,0.012321922838620375,0,0.0,1.0,1,10.0,0.0076551587162710984,3,32.0,0.055797401639276795,0,0.0,1.0,0,0.0,0.6789351298517016,0,1.0,0.8000279671588709,3,187.0,0.033041994891419756,0,0.0,0.7518215988981782,0,0.0,0.7358370701668444,0,0.0,0.8831384401542242,1,13.0,0.0,0,1.0,0.44992093628225194,14,2660.0
1100.0,26,595.0,2.0238095238095237,12.833132900559681,3,178.0,0.12634615708543873,1,6.0,0.4782022398535135,1,1771.0,0.0500182759083853,0,0.0,1.0,3,30.0,0.04596740201744471,4,73.0,0.16390020232126015,0,0.0,1.0,0,1.0,0.5883592893417663,0,49.0,0.5996640358279332,3,187.0,0.0,0,0.0,0.972772574329558,0,0.0,0.21906323598580407,0,0.0,1.0,1,29.0,0.6411520577496942,0,1.0,0.9946767917167366,16,2325.0
1110.0,41,783.0,2.6815068493150687,12.455225360501448,3,207.0,0.0,4,29.0,2.2458576941336818e-05,5,1809.0,0.061992552131668356,0,0.0,1.0,0,0.0,0.48939711528229785,9,143.0,0.03406014095171164,0,1.0,0.817640744302418,0,0.0,1.0,0,7.0,0.04152757680383888,3,217.0,0.0,1,5.0,1.14096845440441e-05,0,0.0,0.9834275576916061,0,0.0,0.9590646676024095,1,33.0,0.31157964627094303,0,1.0,0.020546375359911537,26,2452.0
1120.0,36,719.0,2.470790378006873,12.11752449185886,3,237.0,0.0,4,69.0,0.0,5,1818.0,0.0,0,0.0,1.0,0,0.0,1.0,10,198.0,0.041563609320664725,0,0.0,1.0,0,0.0,1.0,2,25.0,0.0,0,60.0,0.004807148917743254,1,15.0,0.0,0,0.0,1.0,0,0.0,1.0,2,50.0,0.0,1,11.0,0.32082978937977474,28,2483.0
1130.0,22,377.0,1.29553264604811,12.51200902339537,0,73.0,0.20286698812044737,0,0.0,1.0,5,1868.0,0.0,0,0.0,1.0,0,0.0,1.0,6,182.0,0.041477115043566826,0,11.0,0.07746715353723083,1,5.0,5.902866724192969e-06,0,0.0,1.0,1,70.0,0.0,0,5.0,0.3004937722141004,1,53.0,0.03474711016392505,0,0.0,0.18429148756825706,0,64.0,0.37517554263349334,1,5.0,0.06756125169703768,15,2336.0
1140.0,32,638.0,2.1774744027303754,12.841166353154073,0,0.0,1.0,0,0.0,1.0,5,1918.0,0.0,1,4.0,7.90301128519833e-05,0,0.0,1.0,6,242.0,0.05473452549926137,2,25.0,0.266076606654297,1,15.0,0.18784732252892056,0,0.0,0.9192707881613714,1,80.0,0.0,2,13.0,0.0061964266374778905,3,85.0,0.08291170086010172,1,28.0,0.444014344728682,1,74.0,0.5742151864676417,1,10.0,0.0,24,2494.0
1150.0,40,873.0,3.0,12.400510959976193,0,0.0,1.0,0,0.0,1.0,4,1929.0,0.0,2,21.0,0.0013163766004936762,0,0.0,1.0,7,305.0,1.6046079576987315e-06,3,46.0,0.0,3,40.0,0.0,0,0.0,0.5153729792477458,1,107.0,0.03657615659604006,3,42.0,0.0,5,129.0,0.029650247459754624,6,70.0,0.10748719508094629,1,87.0,0.1301552203865381,1,29.0,0.35719942001762234,36,2805.0
1160.0,52,1168.0,3.9727891156462585,11.730615598460249,0,37.0,0.23071667305258944,0,0.0,1.0,4,1969.0,0.0,4,49.0,0.00047736773573166404,0,0.0,1.0,5,291.0,0.0373213592723206,3,76.0,0.0,3,70.0,0.0,1,6.0,0.1688163826493588,4,139.0,0.044144497097291145,3,72.0,0.0,7,192.0,0.04584324809141168,8,140.0,5.601584248803167e-07,2,106.0,0.0,2,33.0,0.0,46,3180.0
1170.0,54,1357.0,4.6,11.516055545174291,1,46.0,0.0,0,0.0,1.0,4,2009.0,0.0,4,89.0,0.0,0,0.0,1.0,3,315.0,0.0804131167436581,4,110.0,1.5110216075475084e-05,3,100.0,0.0,0,0.0,1.0,6,197.0,2.380865578553199e-06,3,102.0,0.0,9,272.0,1.420085616589061e-06,8,220.0,0.0,2,126.0,0.0,2,53.0,0.0,49,3639.0
1180.0,13,66.0,0.22837370242214533,13.459992969940815,0,0.0,1.0,0,0.0,0.5825212331458844,2,946.0,0.04427149726332462,0,0.0,1.0,0,0.0,1.0,5,318.0,2.1441466143968902e-06,0,0.0,1.0,0,2.0,0.6910352143538712,0,1.0,0.7893528732892489,0,0.0,1.0,0,0.0,0.6134853692483258,0,22.0,0.6019183853868133,0,0.0,1.0,0,0.0,1.0,0,0.0,1.0,7,1289.0
1190.0,16,173.0,0.6027874564459931,14.207589203850901,0,0.0,0.3433399084277324,1,7.0,0.6059973289694923,2,497.0,0.028019382326115283,0,0.0,1.0,0,0.0,1.0,5,368.0,0.05980238116002545,0,0.0,1.0,1,5.0,0.0,0,29.0,0.5638085830710146,0,0.0,1.0,1,4.0,0.6155861095158143,0,0.0,0.012774675946467697,0,0.0,0.9779521619602759,0,2.0,0.9523020079054553,0,8.0,0.8840369286133106,10,920.0
1200.0,27,378.0,1.3079584775086506,13.834227188500035,1,4.0,0.2796140703843985,5,36.0,6.50164727497842e-05,2,46.0,0.0,0,0.0,1.0,0,0.0,0.8301363179728841,8,442.0,0.05363188159007872,0,0.0,1.0,1,15.0,0.0,0,0.0,0.4737949017327631,0,0.0,1.0,1,11.0,0.39136250242774323,1,10.0,0.6451392249570046,0,0.0,1.0,0,0.0,0.13222693273731814,0,0.0,0.49646242373922234,19,564.0
1210.0,31,537.0,1.8975265017667844,12.603312306355363,3,27.0,0.021037729388312578,5,86.0,0.0,1,35.0,0.0,0,0.0,1.0,1,10.0,0.09371134649749752,8,565.0,0.1252498870293796,0,2.0,0.08925539642865486,1,25.0,0.0,2,32.0,0.3520182242550831,0,0.0,1.0,1,21.0,0.0,1,20.0,0.2405075546788822,0,0.0,1.0,1,10.0,0.0,1,5.0,0.4879713208325222,25,838.0
1220.0,25,513.0,1.7874564459930313,12.746756329500126,0,19.0,0.1266662962244822,0,7.0,0.18772730223487444,1,46.0,0.336814647849679,0,0.0,1.0,1,15.0,0.0,6,547.0,0.007313267348191025,2,7.0,0.0008301588731480735,0,0.0,1.0,4,63.0,0.06459783676388006,0,0.0,1.0,1,6.0,0.18483378373984513,0,0.0,0.008163402496161392,0,7.0,0.9824498181506778,0,0.0,0.3690477798943615,2,15.0,0.16320382704182132,17,732.0
1230.0,39,726.0,2.556338028169014,12.89819271212694,1,14.0,0.018588610961999732,0,0.0,1.0,2,61.0,2.821114572443233e-06,0,0.0,1.0,1,25.0,0.0,7,617.0,0.08415914496685463,3,31.0,1.5300453431215893e-05,1,2.0,0.45681819569733395,1,1.0,0.0017423153589866429,0,0.0,1.0,3,29.0,0.1316057642990328,1,19.0,0.4281201283444922,2,11.0,0.12628237172418766,1,11.0,0.38337860483704406,3,40.0,1.118470841804545e-06,26,861.0
1240.0,41,794.0,2.8056537102473498,12.215713031639737,0,0.0,0.4755725524466863,0,5.0,0.39526428259087193,1,16.0,0.0,0,0.0,1.0,0,0.0,1.0,8,691.0,0.1898308336060067,7,80.0,0.00021863361617989363,1,12.0,0.0,1,11.0,0.0,0,80.0,0.25799359551071643,6,83.0,0.0,2,33.0,0.15059346134210425,4,50.0,0.011842229516893428,4,30.0,0.1967338238564948,3,70.0,0.0,37,1161.0
1250.0,50,1077.0,3.7922535211267605,11.426931357431792,1,3.0,0.0,0,0.0,1.0,1,26.0,0.0,0,0.0,1.0,0,0.0,1.0,7,633.0,0.004852523926086447,7,150.0,0.0,1,22.0,0.0,0,0.0,0.6672047322289716,5,139.0,0.02480931069956285,6,143.0,0.0,3,61.0,0.18937560083659594,6,106.0,0.0,4,77.0,0.19636499799581336,3,102.0,0.09345835038469835,44,1462.0
1260.0,52,1196.0,4.2562277580071175,11.871085419529857,1,13.0,0.1004879219392799,0,0.0,1.0,1,36.0,0.0,0,0.0,1.0,0,0.0,1.0,5,465.0,0.14390036468882028,7,220.0,0.0,1,32.0,0.0,1,6.0,0.0,6,197.0,0.0734315009372954,6,203.0,0.0,6,107.0,0.0002659450022379469,6,155.0,2.0566614598730354e-06,4,129.0,0.31202949004034614,4,140.0,0.0,48,1703.0
1270.0,18,180.0,0.6474820143884892,13.699471796643728,3,40.0,0.0,0,0.0,0.47158151886032323,2,11.0,0.0,0,0.0,1.0,1,10.0,0.10670265079721843,6,449.0,3.894434583818704e-06,0,0.0,1.0,0,0.0,1.0,0,1.0,0.8054727183147632,0,0.0,1.0,0,0.0,0.6005324329335286,1,16.0,0.4435155253845297,0,0.0,1.0,2,33.0,0.2215082123794731,0,1.0,0.28730916547477997,15,561.0
1280.0,25,385.0,1.3848920863309353,13.468141189765147,3,70.0,0.19853238227927153,1,8.0,0.5561264163999537,2,31.0,0.0,0,0.0,0.9748247058496287,4,46.0,0.012012213404812509,6,509.0,0.2523078270966782,0,0.0,1.0,0,0.0,0.9697962338019616,0,0.0,1.0,0,0.0,1.0,1,3.0,0.6211235655236337,1,21.0,0.158297912944087,0,0.0,1.0,4,61.0,0.2735886793211013,0,3.0,0.6147628615358293,22,752.0
1290.0,37,622.0,2.229390681003584,12.367778846622059,4,107.0,0.006506522385949393,6,43.0,0.0042837724448021,3,52.0,0.0008990643116869892,0,0.0,1.0,0,12.0,0.11632305987388519,11,590.0,0.00019157097151629635,0,0.0,1.0,0,0.0,1.0,0,0.0,1.0,0,0.0,1.0,1,13.0,0.0,1,31.0,0.040007637894185384,0,0.0,1.0,5,110.0,0.0,0,0.0,1.0,31,958.0
1300.0,41,906.0,3.2357142857142858,12.117725831699397,5,156.0,0.0,8,125.0,0.14084679917465934,2,71.0,0.0,0,0.0,1.0,1,1.0,0.002723367564495211,9,644.0,0.09084441629810293,0,0.0,0.3607698895168855,0,0.0,0.9232297575723873,1,44.0,0.4670435315333832,0,0.0,1.0,1,23.0,0.0,2,51.0,0.0,0,0.0,1.0,5,160.0,0.0,0,0.0,0.38242127318837477,34,1275.0
1310.0,22,502.0,1.7801418439716312,12.27855548423306,1,92.0,0.08187057224864441,1,101.0,0.05767887135254535,2,91.0,0.0,0,0.0,1.0,0,0.0,1.0,5,641.0,0.26970423604382326,1,4.0,0.24510286541640386,0,0.0,0.6479308009639531,2,11.0,0.24115358396251677,0,0.0,1.0,0,0.0,0.5948436307576783,0,0.0,1.0,0,0.0,1.0,1,38.0,0.3633182399828933,0,5.0,0.3998161681355935,13,983.0
1320.0,34,697.0,2.437062937062937,12.70009687938458,2,53.0,0.0022372614011673,0,0.0,1.0,2,111.0,0.0,1,3.0,8.61213047351287e-05,0,0.0,1.0,7,674.0,5.355190888444155e-06,3,31.0,5.716440622085155e-06,2,7.0,7.861609468363813e-06,4,43.0,3.324687431515789e-05,0,0.0,1.0,1,11.0,0.07865058715107383,0,0.0,0.5285614016479485,1,14.0,0.5492415544461057,2,17.0,2.486091257295525e-05,1,8.0,0.21127325424342502,26,972.0
1330.0,40,720.0,2.491349480968858,11.89467125290628,3,82.0,0.0,0,0.0,1.0,0,30.0,0.6849318026755703,1,13.0,0.0,0,2.0,0.712771182643635,7,744.0,0.052271091590931046,4,66.0,5.767436150570216e-06,2,22.0,0.0,0,32.0,0.10239471001148048,2,21.0,0.19404749174897554,3,38.0,0.008192782771037646,1,10.0,0.0,8,59.0,0.08307757643249548,2,37.0,0.0,1,18.0,0.16485180725180834,34,1174.0
1340.0,54,1007.0,3.472413793103448,11.726605342417015,3,112.0,0.0035671578245170606,0,0.0,1.0,0,23.0,0.7637572653077593,1,23.0,0.0,3,15.0,0.00036862345460281844,6,577.0,0.008527017379829905,4,109.0,0.0032125645714699523,2,42.0,0.0,0,0.0,1.0,10,76.0,0.013419362747675153,4,77.0,0.0,2,21.0,0.0002803419959837886,11,168.0,0.02843422929633065,2,57.0,0.3262958245692413,2,32.0,0.0,50,1332.0
1350.0,60,1302.0,4.4135593220338984,11.743410347372086,4,152.0,0.0,0,0.0,1.0,1,5.0,0.02903264851495554,1,33.0,0.0,0,0.0,1.0,5,274.0,0.173555550272666,5,158.0,0.0,3,69.0,0.13873088853650328,0,0.0,1.0,13,197.0,1.1172434484823236e-06,4,117.0,0.0,2,41.0,0.09798739906304903,12,268.0,0.00039064957728060913,2,77.0,0.0,2,52.0,0.0,54,1443.0
1360.0,17,347.0,1.160535117056856,13.911282320824068,4,192.0,0.0,0,0.0,0.5284992620481401,2,21.0,0.0,0,0.0,1.0,0,0.0,0.6390537016663377,2,199.0,0.0,0,8.0,0.41933791974200646,1,4.0,0.4194952538919202,0,0.0,0.9545035215414577,0,45.0,0.19252133513687186,0,1.0,0.6516833784825466,1,8.0,0.4526680474473939,0,0.0,1.0,0,0.0,1.0,0,1.0,0.5631846692078943,10,479.0
1370.0,20,499.0,1.6801346801346801,14.183746786303317,4,232.0,0.0,2,14.0,0.48460352506067256,2,41.0,0.0,0,0.0,0.9690001719648786,0,0.0,1.0,2,220.0,0.33462441496517,0,0.0,1.0,1,14.0,0.0,0,9.0,0.27239248347103573,0,0.0,0.9952305615275536,0,0.0,1.0,1,18.0,0.0,0,0.0,1.0,0,4.0,0.8674963544350481,0,0.0,0.6782132009103414,12,552.0
1380.0,39,771.0,2.5785953177257523,12.617974411638734,5,279.0,1.2724978847236986e-06,6,53.0,0.1355957041707668,2,61.0,0.0,0,0.0,0.9809440956099087,1,3.0,6.142178563850058e-05,11,300.0,0.06448431215830398,0,0.0,1.0,1,24.0,0.6212500262026338,1,11.0,0.481156957250421,0,0.0,1.0,0,0.0,1.0,1,28.0,0.1448391633772477,0,0.0,1.0,0,0.0,1.0,0,0.0,1.0,28,759.0
1390.0,41,1097.0,3.6204620462046204,12.88023212108078,5,329.0,0.0,8,118.0,0.055709593272350415,2,81.0,0.0,0,0.0,1.0,2,16.0,0.00029271286099844776,10,373.0,0.02986198810823909,0,0.0,0.8007092624930648,1,34.0,0.5,1,22.0,0.5383891279205472,0,0.0,1.0,0,0.0,1.0,2,47.0,0.0,0,0.0,1.0,0,0.0,1.0,0,0.0,1.0,31,1020.0
1400.0,30,1004.0,3.3026315789473686,12.900692122390927,6,385.0,0.0,2,99.0,0.0945152456029715,2,107.0,0.29798211995993434,1,1.0,0.0016602350023888982,0,0.0,1.0,4,343.0,0.06355341032669316,2,12.0,0.20234373046910115,0,0.0,1.0,1,5.0,0.0,0,0.0,1.0,0,0.0,1.0,1,2.0,0.3753540807848417,0,0.0,0.386783491636163,0,0.0,0.6296194187299867,0,0.0,1.0,19,954.0
1410.0,39,1320.0,4.370860927152318,12.863245363310385,6,445.0,0.0,0,0.0,1.0,3,137.0,0.19858617468271006,1,11.0,0.0,0,0.0,1.0,5,375.0,9.730763226003672e-05,4,54.0,0.19170296676044854,0,0.0,1.0,1,15.0,0.0,0,0.0,1.0,0,0.0,0.46115481641018047,2,18.0,0.12206661776776874,2,22.0,0.2747332350918979,1,2.0,0.4953785780412546,0,0.0,1.0,25,1079.0
1420.0,40,1172.0,3.8552631578947367,12.183530498578605,6,505.0,0.0,0,0.0,1.0,4,188.0,0.09599542742090857,1,21.0,0.0,0,0.0,1.0,5,425.0,0.0,4,91.0,0.0,0,0.0,1.0,0,0.0,1.0,2,14.0,0.2523939449044757,2,4.0,0.0011206375028681148,3,46.0,0.0,4,54.0,3.610709468068907e-05,1,12.0,0.0,0,5.0,0.5314797185949193,32,1365.0
1430.0,45,1354.0,4.439344262295082,11.991668807693515,6,565.0,0.0,0,0.0,1.0,4,133.0,0.14800386063958534,1,31.0,0.0,0,0.0,1.0,4,275.0,0.06047319828096951,4,131.0,0.0,0,0.0,1.0,0,2.0,0.24258710109344517,12,175.0,0.00039941480325060905,2,24.0,0.14346468561035097,4,77.0,0.0005931116268940777,4,98.0,0.14708924345292487,1,22.0,0.0,1,9.0,4.406570140016675e-06,43,1542.0
1440.0,54,1714.0,5.619672131147541,11.640570086699974,6,625.0,0.0,0,0.0,1.0,6,202.0,0.09878289121346838,1,41.0,0.19545021864434722,0,0.0,0.7310404845441509,4,106.0,0.19422621710954177,4,171.0,0.0,0,0.0,1.0,0,0.0,1.0,13,305.0,0.0,3,52.0,0.0,5,123.0,0.15668364691176448,6,151.0,0.0,1,32.0,0.0,1,19.0,0.0,50,1827.0
1450.0,24,903.0,2.98019801980198,12.672605757084284,5,629.0,0.0025347235598425855,0,0.0,1.0,2,86.0,0.35694216208889185,0,0.0,1.0,1,6.0,0.10558965543861061,4,87.0,7.758292263780981e-05,0,0.0,1.0,0,0.0,0.5508436281461458,0,0.0,1.0,0,15.0,0.3299571373162871,0,0.0,0.7253754352253355,1,13.0,0.38463575418334367,0,0.0,1.0,0,0.0,1.0,0,0.0,1.0,13,836.0
1460.0,31,1113.0,3.722408026755853,13.014854464004545,6,688.0,0.0,0,1.0,0.5946950606090761,3,129.0,0.27977256195563244,0,2.0,0.9040675232419793,2,9.0,0.005788873823692271,6,130.0,0.18305484973003347,0,0.0,1.0,0,0.0,0.917837856583489,4,11.0,0.009972729324725961,0,0.0,0.9493294596804286,0,3.0,0.8360663829795228,1,13.0,0.46363462832646674,0,0.0,1.0,0,0.0,1.0,0,1.0,0.5249825795283194,22,987.0
1470.0,45,1474.0,4.880794701986755,12.116890546529802,6,748.0,0.0,3,14.0,2.5946023894524138e-05,7,176.0,0.10111966716077465,0,0.0,1.0,1,33.0,0.09188284107151722,9,211.0,0.02580212105815499,0,0.0,1.0,0,0.0,0.9550154733148424,5,61.0,8.012132548115604e-07,1,6.0,0.0,0,0.0,1.0,2,29.0,0.0,0,0.0,1.0,0,0.0,0.6760056510413895,1,4.0,0.14777925480146276,35,1282.0
1480.0,40,1643.0,5.494983277591973,12.458080505269711,6,808.0,0.012172500799355222,3,44.0,0.0,8,229.0,0.006588570518931622,0,0.0,1.0,0,0.0,1.0,8,227.0,0.17519576012809024,0,0.0,1.0,1,3.0,3.478803906161696e-05,0,56.0,0.33378111474180305,1,16.0,0.0,0,0.0,1.0,2,49.0,0.0,0,0.0,1.0,1,6.0,0.0,1,14.0,0.0,31,1452.0
1490.0,34,1365.0,4.611486486486487,12.34204274011745,8,694.0,0.00705482664190928,0,0.0,1.0,9,328.0,0.07744780109645248,0,0.0,1.0,0,0.0,1.0,3,140.0,3.4669184052780144e-06,3,13.0,0.006531104824293913,0,0.0,0.3086088627614291,0,0.0,1.0,1,30.0,0.45752681822905006,0,5.0,0.2611663974027764,0,0.0,0.6133160351422925,0,0.0,0.5564019587976526,0,7.0,0.44176315756784357,0,0.0,0.2175308369172747,24,1217.0
1500.0,46,1224.0,4.135135135135135,12.358853042278426,4,551.0,0.03927184775637812,0,0.0,1.0,10,420.0,0.04127572276798936,0,0.0,1.0,1,5.0,0.39691144736018064,3,170.0,0.0,6,60.0,2.4655626502673854e-06,1,7.0,0.0,0,0.0,1.0,1,40.0,0.0,2,17.0,1.384431379066521e-05,2,6.0,0.3200702964564865,1,26.0,0.49914193569164234,5,39.0,0.00010129553512501441,0,8.0,0.4466955370106522,36,1349.0
1510.0,53,1275.0,4.366438356164384,11.759766771528565,7,433.0,4.475088267437675e-05,0,0.0,1.0,9,322.0,0.07318326145996976,0,0.0,0.5302170540399911,0,1.0,0.9594639089928207,3,202.0,0.19772211673756993,6,120.0,0.0,1,17.0,0.2711314518129533,0,0.0,1.0,2,68.0,0.18838128979482666,2,37.0,0.0,2,26.0,0.0,8,64.0,0.0002589265639022795,5,89.0,0.0,1,10.0,0.0,46,1389.0
1520.0,62,1703.0,5.872413793103449,11.245739013766528,7,503.0,0.017343042216402357,0,0.0,1.0,10,417.0,0.02611770224820306,1,7.0,0.0,0,0.0,0.620997655771984,4,116.0,0.2346260744883025,6,180.0,0.0,2,32.0,0.0,0,0.0,1.0,5,236.0,0.021803948057251978,2,57.0,0.0,2,46.0,0.13490409222227542,8,144.0,0.09379245688367717,6,171.0,0.1355893865253613,1,20.0,0.0,54,1929.0
1530.0,78,2080.0,7.2727272727272725,9.99161416783117,9,591.0,0.0,0,0.0,1.0,12,823.0,0.07676331748664984,1,17.0,0.0,0,0.0,1.0,9,130.0,0.029222680051295337,6,240.0,0.0,2,52.0,0.2903675130968203,0,0.0,1.0,9,404.0,2.2522915590605315e-05,2,77.0,0.0,4,73.0,0.14674634129841108,9,228.0,0.0,6,216.0,0.11324235819735709,1,30.0,0.0,70,2881.0
1540.0,29,549.0,1.9128919860627178,13.032450577584482,8,620.0,7.761339282121461e-07,0,0.0,1.0,4,584.0,0.049265587328579365,0,0.0,1.0,1,9.0,0.021879489293405625,4,57.0,0.07051238724127976,0,0.0,1.0,1,3.0,0.4471925185777877,0,1.0,0.6721782067226454,0,2.0,0.430747472489399,0,2.0,0.47954783173325244,1,8.0,0.35882830581428293,1,0.0,0.0,1,6.0,0.0,0,0.0,1.0,21,1292.0
1550.0,24,299.0,1.0381944444444444,13.009965243805905,4,688.0,0.034998243468809795,0,1.0,0.6728904178332377,1,402.0,0.23135149319245274,0,1.0,0.9700674111907404,0,2.0,0.3458315617028055,4,97.0,0.08612567501634533,0,0.0,1.0,2,26.0,0.2989689244090635,6,36.0,0.055371339334877055,0,0.0,1.0,1,10.0,0.0,2,25.0,0.13154812996092366,0,3.0,0.7382688889026436,1,16.0,0.0,0,2.0,0.6244957514614099,21,1309.0
1560.0,27,354.0,1.2164948453608246,12.834606148141253,5,605.0,0.09437082415786333,4,16.0,0.025200547305338817,1,326.0,0.42709360480078445,0,0.0,1.0,0,0.0,1.0,5,144.0,0.16307528622419357,0,0.0,0.9544037468880497,2,50.0,0.540400674669298,0,9.0,0.3221887324354657,0,0.0,1.0,2,23.0,1.9054798169467915e-05,2,45.0,0.3265385217955942,0,0.0,1.0,1,160.0,0.5520755144389236,0,0.0,1.0,22,1378.0
1570.0,32,523.0,1.7910958904109588,13.058756596987108,6,586.0,0.14285714285714285,6,130.0,0.10024105683518438,2,343.0,0.08893743476118415,0,0.0,1.0,0,0.0,1.0,3,88.0,0.1776077318974039,1,4.0,0.416886519997251,3,70.0,0.2500101895964566,2,13.0,0.25213618394987475,0,0.0,1.0,2,43.0,0.0,3,69.0,0.0,0,0.0,0.9656069982706242,1,82.0,0.5531989113096945,0,0.0,1.0,29,1428.0
1580.0,21,169.0,0.5787671232876712,13.523935357471633,3,241.0,0.0615720553261091,0,100.0,0.11517748651991182,4,379.0,0.12545070524192772,0,0.0,1.0,0,0.0,1.0,1,9.0,0.5731622372015633,3,8.0,0.00037852489811609965,1,21.0,0.26979114109153324,3,28.0,0.0005637064597650461,0,0.0,1.0,0,0.0,1.0,0,0.0,0.7813330068982022,1,2.0,9.402144129993415e-05,0,53.0,0.7197156015575787,0,7.0,0.6035969865988797,16,848.0
1590.0,31,369.0,1.268041237113402,13.007870554537885,2,33.0,0.08269313939760477,0,6.0,0.5892606940137706,5,424.0,0.1287769542359207,0,0.0,1.0,0,0.0,1.0,1,13.0,0.0,6,62.0,0.13834211360766285,2,22.0,0.31361591902330804,4,64.0,0.00013572958619621398,0,0.0,0.33306210029596506,0,81.0,0.427536889760227,2,16.0,0.24250346930335964,1,30.0,0.4430053939041803,2,16.0,0.0,0,24.0,0.29292790942536123,25,791.0
1600.0,42,587.0,1.9965986394557824,12.304058612212028,2,52.0,0.0,0,0.0,0.5790808299877243,5,109.0,0.16917450370768064,0,0.0,1.0,0,4.0,0.593964736303366,1,23.0,0.4489436821093485,6,122.0,0.0,2,38.0,0.26231097814256443,0,16.0,0.028544675665753163,2,23.0,0.12630524599090404,3,103.0,0.09936558771071281,4,50.0,0.14130718324930538,7,76.0,0.0656547812684567,2,36.0,0.0,1,22.0,0.13134503014447407,35,674.0
1610.0,58,1068.0,3.682758620689655,11.586708633347722,2,72.0,0.0,0,0.0,1.0,6,165.0,0.028697757146873788,0,0.0,1.0,1,9.0,0.0,2,38.0,6.74505077571905e-06,7,187.0,0.0,4,70.0,0.0,0,0.0,1.0,6,70.0,0.031672870635825745,7,160.0,0.00035452216889024274,4,93.0,0.0019707503605624686,9,164.0,0.0024466417795396124,2,56.0,0.4904557914238671,1,32.0,0.0,51,1116.0
1620.0,64,1625.0,5.622837370242214,11.129974598902246,2,92.0,0.0,0,0.0,1.0,9,252.0,0.059546626582900296,0,0.0,1.0,0,0.0,1.0,3,60.0,0.06809672795234817,8,260.0,4.133758583059193e-06,4,110.0,0.0,0,0.0,0.36197394571314456,4,99.0,0.0521032016863532,7,230.0,0.0,5,143.0,0.0271129888337738,10,260.0,0.0,2,76.0,0.18608846257156877,1,51.0,0.323354150283426,55,1633.0
1630.0,11,57.0,0.1952054794520548,14.885407955683654,0,0.0,1.0,0,0.0,0.5035561571100333,4,152.0,0.16535237470414613,0,0.0,1.0,0,0.0,1.0,2,20.0,0.3293570131328517,0,0.0,1.0,0,0.0,1.0,1,7.0,0.5941502927753444,0,7.0,0.33340523088073143,0,1.0,0.6019204513474181,0,0.0,0.6399337399310409,0,20.0,0.29577827389304845,2,37.0,0.12325785256617537,0,0.0,1.0,9,244.0
1640.0,20,197.0,0.6632996632996633,14.745206620696896,0,0.0,1.0,2,11.0,0.4264705352988093,8,220.0,0.0021142320231560853,0,1.0,0.9733161175259019,0,0.0,0.005922319647641797,3,50.0,0.27187155623644493,0,0.0,0.9585297428473164,0,2.0,0.9666025390696003,0,19.0,0.4409379416600795,0,0.0,1.0,0,0.0,1.0,0,2.0,0.4092576191957539,0,0.0,0.9645499299518852,2,38.0,0.49610380935357934,0,4.0,0.8607192447982407,15,347.0
1650.0,32,409.0,1.3498349834983498,13.676644760018942,0,0.0,1.0,7,47.0,0.026143309091593084,9,309.0,3.564938407570888e-07,0,0.0,1.0,1,10.0,0.0,6,88.0,0.2602614717359176,0,0.0,1.0,0,0.0,0.9546319803470218,2,24.0,0.3963369493182004,0,0.0,1.0,0,0.0,0.9050419181435523,0,0.0,1.0,0,0.0,1.0,2,56.0,0.0,2,11.0,0.01666012278985094,29,545.0
1660.0,42,627.0,2.083056478405316,12.667380610202237,1,1.0,0.0016484106471717325,9,129.0,4.1493421117925425e-07,9,399.0,0.026333866978333308,0,0.0,1.0,1,7.0,0.3868417045479944,7,141.0,0.019948341508068825,0,0.0,1.0,0,0.0,1.0,4,53.0,0.13325108918256495,0,0.0,1.0,0,0.0,1.0,0,0.0,1.0,0,0.0,0.9864712152705806,2,76.0,0.0,5,56.0,0.0,38,862.0
1670.0,24,464.0,1.5364238410596027,12.907009018235364,0,0.0,1.0,0,87.0,0.11374615281376092,10,496.0,0.06619615131487598,0,0.0,1.0,3,27.0,6.945720712567013e-05,1,41.0,0.3570650019156678,2,4.0,0.009508118819092493,0,0.0,0.937595740533417,5,100.0,0.0,0,0.0,1.0,0,5.0,0.3830404720090995,0,0.0,0.26017883476413695,1,2.0,0.06020079894226444,0,1.0,0.8277194170327383,1,79.0,0.07587239417183092,23,842.0
1680.0,26,569.0,1.8841059602649006,13.033297861561485,0,0.0,1.0,0,0.0,0.349160044927428,11,598.0,0.018522886197193812,0,0.0,1.0,1,22.0,0.1713702864010334,1,22.0,0.32051309781619663,3,34.0,0.0,0,0.0,0.6000489903207623,0,24.0,0.1215595692287933,0,0.0,1.0,2,11.0,0.20820139445789487,1,8.0,0.0,2,34.0,0.4487797097643849,1,1.0,0.003316851658164803,2,42.0,0.11271667614450301,24,796.0
1690.0,40,829.0,2.726973684210526,11.54730172602821,0,0.0,1.0,0,0.0,1.0,11,686.0,0.048937864389934145,0,0.0,1.0,3,39.0,0.0,1,34.0,0.4948366155387593,3,64.0,0.0,1,4.0,5.481334350973833e-06,0,0.0,1.0,0,22.0,0.21922743975965817,7,53.0,0.06778400907525106,1,18.0,0.15400488601640364,8,80.0,0.049945311822693614,1,11.0,0.22929564410684003,2,65.0,0.2618928945093257,38,1076.0
1700.0,56,1199.0,3.9701986754966887,11.25084351141056,0,0.0,1.0,0,0.0,1.0,13,804.0,0.03703568235808553,0,0.0,1.0,0,0.0,1.0,2,8.0,0.0037739735583371546,3,94.0,0.0,2,18.0,4.518380859804377e-06,0,0.0,1.0,7,69.0,0.00012330688324331987,8,130.0,0.000677092032851437,2,36.0,0.18838657097114375,9,170.0,0.004757718737745571,2,28.0,0.0,5,95.0,0.0006320159421864112,53,1452.0
1710.0,69,1801.0,5.983388704318937,10.421805889115305,0,0.0,1.0,0,0.0,0.8227129151588924,14,941.0,0.012461667631411601,0,0.0,1.0,0,0.0,1.0,3,38.0,0.3779817439880349,3,124.0,0.0,2,38.0,0.22644476898177626,1,6.0,0.00043614913755928204,8,139.0,0.0,9,220.0,0.0,4,66.0,0.004686274665413037,10,257.0,1.542430904084702e-05,2,48.0,0.0,5,145.0,0.0,61,2022.0
1720.0,16,179.0,0.5986622073578596,13.064121543956098,0,0.0,1.0,0,0.0,0.6698228401887354,9,873.0,0.048404263215900925,0,0.0,1.0,1,10.0,0.0005241001173981465,5,57.0,0.002939874520402225,0,0.0,1.0,0,0.0,1.0,0,0.0,0.8993384138787252,0,5.0,0.6144944941612218,0,29.0,0.4360142933440955,0,7.0,0.42713147714840527,0,0.0,1.0,0,0.0,1.0,0,0.0,1.0,15,981.0
1730.0,14,153.0,0.5151515151515151,13.133343202074611,0,0.0,1.0,1,6.0,0.5119384413453558,1,603.0,0.11109189277543699,0,0.0,0.9689912290920456,0,5.0,0.04507930506719105,6,113.0,0.07613927117132863,0,0.0,1.0,0,3.0,0.5891017810304618,0,8.0,0.2982782763365667,1,21.0,0.48668088112983393,0,0.0,0.6797863781207768,0,5.0,0.5280750826382045,0,0.0,1.0,0,1.0,0.49409787953258255,0,5.0,0.8167626694003448,9,770.0
1740.0,29,345.0,1.1694915254237288,13.115014343522576,1,4.0,2.5856540464667657e-05,4,29.0,0.0004526426274664336,4,522.0,0.059869508003660435,0,0.0,1.0,1,15.0,0.0,9,192.0,0.11195389636671868,0,0.0,0.767338294758736,0,0.0,0.9687655571499284,1,7.0,0.11832432056654864,1,16.0,0.0,0,0.0,1.0,0,0.0,0.4533185514202869,0,0.0,1.0,0,0.0,1.0,1,7.0,0.6579948735514829,22,792.0
1750.0,37,491.0,1.6757679180887373,12.633226799152391,2,15.0,0.0012023684151589182,4,70.0,0.12694447522644894,10,599.0,0.026925196162514035,0,0.0,1.0,0,0.0,0.42152035372325664,8,182.0,0.08133824290117621,1,6.0,0.0,1,8.0,0.14406510280484225,4,45.0,0.16989501914417726,1,26.0,0.0,0,0.0,1.0,0,0.0,0.9974708829912142,0,0.0,1.0,0,0.0,1.0,3,37.0,0.03142502343469015,34,988.0
1760.0,31,348.0,1.183673469387755,12.538355898693013,0,0.0,1.0,0,3.0,0.17278472279257717,17,742.0,0.0002524949585835757,0,0.0,1.0,1,6.0,0.0,1,16.0,0.0,2,7.0,0.0014423376956350733,1,3.0,0.0002225743482520312,2,48.0,0.12094837626686057,0,0.0,1.0,0,5.0,0.3651236420672924,1,8.0,0.492462648179331,0,0.0,1.0,1,2.0,0.0004142685869039559,2,19.0,2.7076703945774193e-05,28,859.0
1770.0,36,648.0,2.1818181818181817,12.83846605547714,0,0.0,1.0,0,0.0,0.3755801759812531,17,912.0,0.0,0,0.0,1.0,0,0.0,1.0,1,26.0,0.0,3,37.0,0.004852192079493068,1,13.0,0.23849424238692388,2,15.0,3.1807849586907735e-06,0,0.0,1.0,2,16.0,0.06777850263028874,1,13.0,0.0,0,26.0,0.6896592990282006,1,19.0,0.2191333506377294,2,39.0,0.0,30,1116.0
1780.0,48,849.0,2.8877551020408165,11.876828912637533,0,0.0,1.0,0,0.0,1.0,16,1013.0,0.0,1,7.0,0.00016365214816540453,0,0.0,1.0,2,39.0,2.5524690166267837e-05,6,84.0,4.90177474002709e-05,2,26.0,1.7444393385525416e-06,0,0.0,1.0,1,78.0,0.04391754432633376,3,38.0,2.2881165890793056e-05,1,23.0,0.0,8,58.0,0.05656383194957179,4,47.0,3.593816893006768e-05,2,59.0,0.0,46,1472.0
1790.0,55,1297.0,4.396610169491526,11.065377312914306,0,0.0,1.0,0,0.0,1.0,16,1173.0,0.0,1,17.0,0.0,1,1.0,0.0013395348665922934,2,16.0,0.10966639981746013,6,144.0,0.09185370253567648,2,46.0,0.0,0,0.0,1.0,4,122.0,0.16701344232233328,3,68.0,0.0,1,33.0,0.0,9,155.0,0.0567792990256621,4,87.0,0.0,2,81.0,0.0052110657049411445,51,1943.0
1800.0,67,1898.0,6.45578231292517,11.222993557800992,1,1.0,0.0012293745296137772,0,0.0,1.0,16,1333.0,0.0,1,27.0,0.0,0,0.0,1.0,3,43.0,0.0,6,204.0,0.0,2,66.0,0.25700210029459625,0,0.0,1.0,6,171.0,0.00017912323203301292,3,98.0,0.0,1,43.0,0.3835944177072424,16,303.0,1.619261536452001e-06,4,155.0,0.09777555801429035,3,110.0,0.0,62,2554.0
1810.0,16,332.0,1.1140939597315436,13.17840831270639,0,0.0,1.0,0,0.0,0.5208060408083236,5,868.0,0.04153681191692951,0,0.0,1.0,0,0.0,1.0,0,0.0,0.3965173029846195,0,0.0,1.0,1,4.0,0.3640412273781284,0,0.0,0.9922154665954367,0,0.0,1.0,0,0.0,1.0,1,6.0,0.39359604686489463,0,36.0,0.27341422832429185,3,65.0,0.012792997824213398,0,0.0,1.0,10,979.0
1820.0,14,114.0,0.3864406779661017,13.228368930668244,0,0.0,0.005126832500997073,1,9.0,0.6631088811517711,0,542.0,0.12410775877367175,0,0.0,0.7019169505646138,0,0.0,0.03615530792698212,1,12.0,0.34104069669660486,0,0.0,1.0,1,14.0,0.49577872930212713,3,42.0,0.22494285242024264,0,0.0,1.0,0,0.0,0.9762097079569579,2,22.0,0.3147211318982212,0,0.0,1.0,3,76.0,0.0,0,0.0,1.0,11,717.0
1830.0,43,388.0,1.3197278911564625,12.450952159145375,1,10.0,0.0,5,37.0,0.11258106447088913,1,382.0,0.09822477858769785,0,0.0,1.0,3,28.0,0.0,8,56.0,0.00044793049509356524,0,6.0,0.867196789001526,1,25.0,0.2914050756021976,14,161.0,0.0829967219722677,0,0.0,1.0,1,5.0,0.4752607497775981,2,42.0,0.38217797934922704,0,0.0,0.9583893341826022,3,106.0,0.0,0,0.0,1.0,39,858.0
1840.0,34,480.0,1.6608996539792387,12.477545576173345,1,20.0,0.0,8,110.0,0.00040039346899899077,7,429.0,0.07739547834641099,0,0.0,1.0,1,5.0,0.2419586425815339,5,69.0,0.0,0,19.0,0.35982028800214716,2,42.0,0.4283182737889547,0,108.0,0.12243884353927671,0,0.0,0.8400124571594134,1,15.0,0.0,4,79.0,0.0,0,0.0,1.0,3,143.0,0.22539580192406924,0,0.0,0.427929319199046,32,1039.0
1850.0,25,215.0,0.7465277777777778,12.479645866992529,0,0.0,0.3362399394653473,0,70.0,0.13870230493360242,8,504.0,7.009858327040493e-07,0,0.0,1.0,1,15.0,0.0,0,0.0,0.8219546959330644,1,2.0,0.1326100982689028,1,3.0,0.00014975846432300612,3,82.0,0.19227856303191562,1,5.0,9.549575934719445e-05,0,5.0,0.3056723351373559,0,0.0,1.0,0,12.0,0.23013737478908303,3,58.0,0.1704083811833399,1,7.0,0.16772070551129484,19,763.0
1860.0,35,414.0,1.4129692832764504,12.546973001933223,0,0.0,1.0,0,0.0,1.0,8,584.0,0.0,0,0.0,1.0,0,0.0,0.10959655071627024,0,7.0,0.9182445869987381,2,20.0,0.053487583758927454,1,15.0,0.5254814368599364,2,110.0,0.1609198747364056,1,15.0,0.0,2,16.0,0.21629014250011946,0,0.0,0.9169501600308347,5,60.0,0.09503232332525453,8,80.0,5.7381619744282184e-05,2,21.0,0.0728309535542928,31,928.0
1870.0,48,723.0,2.4591836734693877,11.719590169378293,0,0.0,1.0,0,0.0,1.0,7,630.0,0.0,0,0.0,1.0,0,4.0,0.3398976474106934,1,7.0,0.3274571928666318,4,57.0,0.0,2,28.0,0.0,6,160.0,0.0,2,37.0,0.20477589371683755,3,42.0,0.0,0,0.0,0.019199900260438617,9,130.0,0.09337370180511395,8,160.0,0.0,3,44.0,0.031113496382504532,45,1299.0
1880.0,58,1181.0,4.030716723549488,11.284383907993845,0,0.0,1.0,0,0.0,1.0,7,700.0,0.0,0,0.0,1.0,0,0.0,0.7289390603225127,2,24.0,0.0,4,97.0,0.0,2,48.0,0.0,2,139.0,0.042141329272453246,7,103.0,0.018935711856011717,3,72.0,0.0,1,9.0,0.0,12,240.0,0.0002901252920507593,8,240.0,0.19294518567795085,4,103.0,0.04541428828353617,52,1775.0
1890.0,61,1714.0,5.930795847750865,10.946321493058468,0,0.0,1.0,0,0.0,1.0,7,770.0,0.0,0,0.0,1.0,0,0.0,0.011258107405683523,3,50.0,0.02998527186921656,4,137.0,0.07754964951932762,2,68.0,0.12227105779130272,1,51.0,1.0676289134492184e-05,10,192.0,9.153765390323951e-05,3,102.0,0.0,1,19.0,0.0,12,360.0,0.001585005582457494,8,320.0,0.0,4,122.0,0.0,55,2191.0
1900.0,14,68.0,0.23859649122807017,13.350284463390754,0,0.0,1.0,0,0.0,1.0,4,627.0,0.003843414616972157,0,0.0,1.0,2,13.0,4.7914797894716995e-05,2,23.0,0.10292283757771324,1,8.0,0.13124283301866824,0,0.0,1.0,1,58.0,0.5816605836575153,0,13.0,0.10340934260758557,0,0.0,0.6476207896353526,0,0.0,0.679482233133829,0,54.0,0.3925306414735912,0,78.0,0.37886541641342836,0,0.0,0.2926807316945122,10,874.0
1910.0,19,136.0,0.4722222222222222,13.206492033828864,0,0.0,0.9150715841819592,0,0.0,0.673779285870717,1,260.0,0.08879674823589569,0,0.0,0.999615426231556,0,0.0,1.0,3,52.0,0.31624620189701785,1,18.0,0.0,0,0.0,0.9703687014247169,7,136.0,0.007023677880660372,0,0.0,1.0,0,14.0,0.7952785636893995,0,0.0,1.0,0,1.0,0.967008826679699,1,7.0,0.0,0,6.0,0.5811435333878282,13,494.0
1920.0,27,254.0,0.8881118881118881,11.835537407603775,0,0.0,1.0,2,10.0,0.06837297778591357,3,277.0,0.0002266999528329595,0,0.0,1.0,0,0.0,0.8152442247139701,12,152.0,0.009342560407025167,1,30.0,0.47729356603910267,0,22.0,0.9906724499844527,0,104.0,0.13174987181740355,0,0.0,1.0,0,0.0,0.3069111453263299,0,0.0,0.7991085263135409,0,0.0,1.0,1,17.0,0.0,1,5.0,0.4312463098682018,20,617.0
1930.0,40,500.0,1.7482517482517483,12.437867429383589,0,0.0,0.947011563654107,3,39.0,0.23875408786263067,3,307.0,0.0,0,0.0,1.0,1,4.0,0.0,13,210.0,0.04600290666632933,1,38.0,0.0,0,0.0,0.8577501824783714,2,28.0,2.805955623715449e-05,0,0.0,1.0,1,8.0,0.0,2,10.0,0.005922905150727735,0,0.0,1.0,1,27.0,0.5474174341757014,2,20.0,0.22061936620278166,29,691.0
1940.0,21,304.0,1.0742049469964665,12.671484616371481,0,0.0,1.0,0,7.0,0.12841860696390217,3,337.0,0.0,0,0.0,1.0,0,0.0,1.0,5,139.0,0.21321825845247436,1,4.0,0.0,1,8.0,0.4030692874540044,2,40.0,6.235188237955918e-06,0,0.0,1.0,0,5.0,0.3169897362626156,1,3.0,8.437047828443523e-05,2,5.0,0.00893390204709664,1,4.0,5.8708589192291035e-06,0,8.0,0.1172285340555834,16,560.0
1950.0,31,555.0,1.989247311827957,12.600453447644036,0,0.0,1.0,0,0.0,1.0,3,367.0,0.0,0,0.0,1.0,0,0.0,1.0,7,185.0,0.00929747172420074,2,20.0,0.0,4,36.0,4.117781250301828e-06,2,60.0,0.0,0,0.0,1.0,2,22.0,0.30405660699141557,1,18.0,0.15777091437757762,3,44.0,0.4092238551057254,1,16.0,0.21007058003830598,0,14.0,0.20037466895345177,25,782.0
1960.0,41,608.0,2.125874125874126,11.570723135759591,0,0.0,1.0,0,0.0,1.0,2,331.0,0.021476061707338345,0,0.0,1.0,0,14.0,0.964890102714876,8,264.0,0.13547840878127015,3,43.0,6.100007197068406e-05,5,87.0,1.0891626581130818e-06,0,0.0,1.0,2,67.0,0.2296340644453139,6,60.0,0.0010565526414953743,2,35.0,0.0,9,92.0,0.0016129188186099412,3,40.0,0.000723904472318496,0,0.0,1.0,40,1033.0
1970.0,52,934.0,3.220689655172414,11.255102677877817,0,0.0,1.0,0,0.0,1.0,3,361.0,0.0,0,0.0,1.0,0,1.0,0.33469875478432015,6,229.0,0.00877642956819012,3,86.0,0.03399438516085828,5,137.0,0.0,0,0.0,1.0,9,177.0,0.00032115482263881263,7,130.0,0.0,2,55.0,0.0,8,184.0,0.00832360356382712,3,70.0,0.0,0,4.0,0.9928242247159346,46,1434.0
1980.0,62,1349.0,4.5728813559322035,11.06602231129325,0,0.0,1.0,0,0.0,1.0,5,401.0,0.00010815734464503864,0,0.0,1.0,1,4.0,8.856156420732788e-05,5,214.0,0.11313383187502978,5,132.0,0.0,5,187.0,0.0,0,0.0,0.242061141512261,10,282.0,0.0,7,200.0,0.0,3,77.0,0.2273627516075675,10,281.0,0.0,3,100.0,0.0,0,0.0,1.0,54,1878.0
1990.0,20,236.0,0.7946127946127947,13.107368961991057,0,0.0,0.027479056228298836,0,3.0,0.5370267124721898,4,245.0,0.0,0,0.0,1.0,1,19.0,0.3953258062435913,5,197.0,0.1422844726578328,0,0.0,1.0,0,1.0,0.9016675841457701,2,37.0,0.43851593356570506,2,67.0,0.0,0,0.0,0.8042342568792783,1,6.0,0.5645865048290253,0,0.0,1.0,0,0.0,1.0,0,0.0,1.0,15,575.0
2000.0,27,355.0,1.2157534246575343,12.178472805492108,2,19.0,0.08508499928699242,3,17.0,0.25149109631015176,3,90.0,0.0,0,2.0,0.9345296270749683,0,11.0,0.06144334083547461,8,260.0,0.1523678725897257,0,0.0,1.0,1,5.0,0.6311898522724079,0,25.0,0.2532168125634903,1,48.0,0.15429856169921097,0,0.0,1.0,1,16.0,0.0,0,0.0,1.0,0,3.0,0.8834045173814632,0,1.0,0.60349978324333,19,497.0
2010.0,43,682.0,2.3763066202090593,12.105822600540492,3,47.0,0.0,5,58.0,0.06581833374021821,3,120.0,0.0,0,0.0,1.0,4,31.0,1.8577649959182576e-06,11,358.0,0.0771657203662391,0,14.0,0.969236149032457,1,14.0,0.0,0,10.0,0.4022843518536374,1,58.0,0.0,0,0.0,1.0,1,26.0,0.0,0,0.0,0.7037883881764383,0,0.0,1.0,0,0.0,1.0,29,736.0
2020.0,34,697.0,2.420138888888889,12.704573587874203,3,77.0,0.0,7,129.0,0.009372237691122519,2,90.0,0.0,0,0.0,1.0,0,0.0,1.0,9,361.0,0.005090052559644302,1,18.0,5.722756281965373e-05,1,24.0,0.2612954144658766,2,26.0,0.3234194794762434,0,0.0,1.0,0,0.0,1.0,1,36.0,0.0,0,0.0,1.0,0,0.0,1.0,0,0.0,0.5653866092294643,26,761.0
2030.0,20,501.0,1.7216494845360826,12.287578401424593,0,30.0,0.21695248182408722,2,112.0,0.04593148450942319,2,110.0,0.0,0,0.0,1.0,0,0.0,1.0,3,290.0,0.10346478492567142,0,0.0,1.0,1,3.0,0.21353440827656314,3,54.0,0.0017918991128148811,0,0.0,1.0,0,0.0,0.2993973306549805,0,0.0,1.0,1,1.0,0.352927845500513,0,1.0,0.9350065416076727,1,14.0,0.0005010565029699213,13,615.0
2040.0,22,593.0,2.0519031141868513,12.994563909765882,0,0.0,1.0,0,16.0,0.2710894810488627,2,130.0,0.06570369373974132,0,0.0,1.0,1,10.0,0.0010944948017338797,3,320.0,0.0,1,9.0,0.07073713143958102,2,20.0,0.2078252648625011,0,0.0,0.6310356539554779,0,0.0,1.0,1,3.0,0.21464695578604956,0,0.0,1.0,2,22.0,0.3096680763304487,0,2.0,0.7255180813810294,1,10.0,0.3639634803227095,13,542.0
2050.0,31,427.0,1.4878048780487805,11.998382218912754,0,0.0,1.0,0,0.0,1.0,1,62.0,0.26658631964526963,0,0.0,1.0,0,0.0,0.028084835183967923,3,350.0,0.1665858135965133,2,27.0,0.0,3,45.0,1.5421485704981822e-05,0,0.0,1.0,3,14.0,0.0019952535931088184,2,19.0,0.08321666824731283,0,0.0,1.0,7,70.0,0.003576397046281559,2,17.0,0.0,1,20.0,0.0,24,624.0
2060.0,27,489.0,1.7340425531914894,12.408746269557001,0,0.0,1.0,0,0.0,1.0,1,19.0,0.0,0,0.0,1.0,0,40.0,0.12854751353379476,1,245.0,0.02490297245269173,2,47.0,0.0,3,75.0,0.0,0,0.0,1.0,5,160.0,0.0021157214250918798,3,47.0,0.0,0,0.0,0.4696548583445742,7,147.0,0.011537620313624014,2,37.0,0.029480077803202855,1,35.0,0.04002517210621975,25,852.0
2070.0,37,717.0,2.5335689045936394,12.416077820021696,0,0.0,1.0,0,0.0,1.0,1,38.0,0.15709865979527796,0,0.0,1.0,0,0.0,1.0,3,130.0,7.186203715827252e-05,2,67.0,0.0,3,105.0,0.04106044253781524,0,0.0,1.0,7,247.0,0.0,3,77.0,0.15405453653949513,0,0.0,1.0,9,231.0,0.04927988380101548,3,66.0,0.0,2,52.0,0.0,33,1013.0
2080.0,8,129.0,0.4657039711191336,13.744690377520689,0,0.0,1.0,0,0.0,0.49896035832290264,3,66.0,0.0,0,0.0,1.0,0,0.0,0.006979637718254759,2,147.0,0.0,0,0.0,1.0,0,0.0,1.0,0,3.0,0.7117858129750202,1,36.0,0.48142544538876314,0,0.0,0.97836850616434,0,0.0,0.6629477993195895,0,0.0,1.0,0,0.0,1.0,0,0.0,1.0,6,252.0
2090.0,14,215.0,0.776173285198556,13.429547812686893,0,0.0,1.0,1,5.0,0.43734317442178466,3,96.0,0.0,0,2.0,0.9107987648649292,0,0.0,1.0,4,171.0,0.24888923678723482,0,0.0,0.680529482486494,0,0.0,1.0,0,0.0,0.14824129834800207,2,48.0,3.532572827102145e-06,0,0.0,1.0,0,0.0,0.8645498818782368,0,0.0,1.0,0,1.0,0.8496248463331235,0,0.0,0.4269000430156918,10,323.0
2100.0,30,414.0,1.5390334572490707,13.339016674815072,1,1.0,0.002327867041441198,3,25.0,1.8042251900580994e-06,3,126.0,0.0,0,0.0,1.0,0,0.0,1.0,11,239.0,0.022089489930031694,1,6.0,0.459138645746346,0,0.0,1.0,1,54.0,0.6169039347307065,2,68.0,0.0,0,0.0,1.0,1,6.0,0.0,0,0.0,0.28023343740784273,0,0.0,1.0,1,8.0,0.0,24,533.0
2110.0,31,480.0,1.7777777777777777,13.096090289525465,1,11.0,0.0,3,55.0,0.0,2,87.0,0.0,0,0.0,1.0,0,0.0,0.34568580746444305,11,279.0,0.00517175311753949,2,20.0,0.2762622792518174,0,1.0,0.600578090753916,2,71.0,0.20192883226821365,1,22.0,0.0,0,0.0,1.0,1,16.0,0.0,0,0.0,1.0,0,0.0,1.0,2,19.0,0.00021664475156138007,25,581.0
2120.0,22,344.0,1.2740740740740741,13.32360337253688,1,6.0,0.0,0,0.0,1.0,2,107.0,0.0,0,0.0,1.0,0,0.0,1.0,3,240.0,0.10252416119967522,1,2.0,0.0004595576287450622,1,2.0,0.0005229076573949056,0,0.0,1.0,0,0.0,1.0,0,5.0,0.306191760756471,1,2.0,0.0024593246066963452,0,0.0,1.0,1,13.0,0.5211289170920927,1,3.0,0.00016667311857014876,11,380.0
2130.0,22,528.0,1.9701492537313432,12.961776808169612,1,16.0,0.0,0,0.0,1.0,2,127.0,0.0,0,0.0,1.0,0,0.0,1.0,3,238.0,0.3793263569556603,2,21.0,0.04169819276798925,1,12.0,0.0,0,0.0,0.6800668921412538,0,0.0,1.0,1,8.0,0.14958658880531278,1,12.0,0.46211667239420756,0,23.0,0.36855840431290576,2,29.0,0.0,1,33.0,0.20547985841592686,14,519.0
2140.0,33,436.0,1.6329588014981273,12.955690658940084,1,26.0,0.46895301425912495,0,0.0,1.0,1,61.0,0.5876093319490849,0,0.0,1.0,0,0.0,1.0,4,275.0,0.18405557530977718,5,64.0,0.0004915842623939857,1,22.0,0.0,1,11.0,0.43871602063538795,3,22.0,0.06709482048832416,2,20.0,0.1027884379999364,1,22.0,0.0,8,75.0,6.902494746747677e-06,2,49.0,0.0,1,31.0,0.28552920577033997,30,678.0
2150.0,44,655.0,2.4349442379182156,11.915768813358799,1,36.0,0.0,0,0.0,1.0,2,21.0,0.019245554289701546,0,0.0,1.0,0,0.0,0.1705685576537944,3,122.0,0.17033588426685156,6,118.0,0.0,1,32.0,0.0,1,16.0,0.0,7,185.0,0.0005018898797176469,5,65.0,0.0,1,32.0,0.0,9,146.0,0.05072012680799066,2,69.0,0.0,3,50.0,8.690397100319771e-06,41,892.0
2160.0,54,1129.0,4.2927756653992395,11.100836559517496,1,46.0,0.0,0,0.0,1.0,4,61.0,1.0757451951211923e-06,0,0.0,1.0,0,0.0,0.9497320811372453,8,121.0,0.0007794508616201735,6,178.0,0.0,1,42.0,0.0,0,0.0,1.0,8,275.0,0.0,5,115.0,0.0,1,42.0,0.0,11,250.0,3.334927085891288e-06,2,89.0,0.324378077598206,3,80.0,0.0,50,1299.0
2170.0,10,116.0,0.44274809160305345,12.849658778805413,0,0.0,1.0,0,0.0,0.556381831508592,1,46.0,0.4084894859692523,0,0.0,1.0,1,3.0,0.00012775843030102133,5,89.0,0.013944321161867324,0,0.0,0.03519062437378629,0,0.0,1.0,0,1.0,0.742580754444229,0,0.0,1.0,0,0.0,1.0,0,0.0,0.9255138295991334,0,14.0,0.36186986430141205,1,7.0,0.3339633605547222,0,0.0,1.0,8,160.0
2180.0,23,262.0,1.0115830115830116,13.281998370622373,0,0.0,0.23172684061029292,1,7.0,0.6516378480624085,1,46.0,0.0,0,2.0,0.8743882490387651,0,0.0,1.0,7,159.0,0.14914304211728316,1,9.0,0.0,0,0.0,0.994804630889706,4,29.0,0.18457853443617614,0,0.0,1.0,0,0.0,1.0,1,4.0,0.33311999218550137,0,0.0,1.0,1,24.0,0.10656999077303313,0,0.0,0.8752225625746183,16,280.0
2190.0,37,540.0,2.0454545454545454,12.650935583741656,1,9.0,0.0,4,28.0,7.803634840490505e-05,1,56.0,0.0,0,0.0,1.0,0,0.0,1.0,11,250.0,0.05572038748447744,1,24.0,0.474877728919283,0,2.0,0.3345430468576857,10,99.0,1.3428447151585352e-05,0,0.0,1.0,0,0.0,1.0,1,14.0,0.0,0,0.0,1.0,3,51.0,0.0,1,5.0,0.5948919405525053,33,538.0
2200.0,30,473.0,1.7916666666666667,12.336379526362792,2,22.0,0.07562339979105265,4,68.0,0.09964245142653919,0,0.0,0.6872082808344148,0,0.0,1.0,0,0.0,1.0,9,247.0,0.04256109713200979,2,37.0,8.167036162139382e-06,0,0.0,1.0,0,6.0,0.005677025296736403,0,1.0,0.24555243995360365,0,0.0,1.0,1,24.0,0.0,0,0.0,1.0,3,93.0,0.3810531544014464,2,18.0,0.00010389099769485837,23,516.0
2210.0,14,67.0,0.25572519083969464,12.721204851152866,1,14.0,0.15831213534620456,0,21.0,0.17873154169298075,1,1.0,0.00083918736986169,0,0.0,1.0,0,0.0,1.0,2,32.0,2.3846061973178037e-06,1,1.0,0.0007437896636140227,0,0.0,1.0,1,13.0,3.399006481655547e-05,1,8.0,0.0,0,5.0,0.6355356952861251,0,0.0,0.23323266087313738,2,17.0,0.026420622027258422,4,36.0,0.019866251832975617,0,0.0,0.35537765673683813,13,148.0
2220.0,27,270.0,1.0150375939849625,12.788272718725526,3,39.0,0.24061508582771546,0,0.0,1.0,1,11.0,0.0,0,0.0,1.0,0,0.0,1.0,2,52.0,0.0,2,12.0,4.185271560994208e-05,0,0.0,1.0,1,23.0,0.0,1,18.0,0.0,2,11.0,0.1329992619666071,2,17.0,0.0,2,109.0,0.378608881624727,7,102.0,0.0,0,12.0,0.6295892046771084,23,406.0
2230.0,42,537.0,2.018796992481203,11.976656804136848,4,73.0,1.1605276770755639e-06,0,0.0,1.0,1,21.0,0.322566590487007,0,0.0,1.0,0,0.0,1.0,2,72.0,0.0,4,44.0,0.19514218557241095,0,0.0,0.2261234683495635,0,5.0,0.6204934454093478,2,46.0,0.12648181092857452,4,42.0,0.06480227379430578,2,37.0,0.0,13,175.0,0.003691525922204996,7,172.0,0.0,2,11.0,8.340962476945909e-06,41,698.0
2240.0,51,961.0,3.640151515151515,11.262411466164565,4,113.0,0.0,0,0.0,1.0,2,37.0,0.0,0,0.0,1.0,0,0.0,1.0,1,36.0,0.2804068604251113,4,85.0,0.03878388361155747,1,8.0,0.16629609090583,1,12.0,0.0,5,86.0,0.0001414087276660023,5,89.0,0.0,2,57.0,0.0,15,325.0,0.02595250157681944,7,242.0,0.0,2,31.0,0.0,49,1121.0
2250.0,59,1496.0,5.753846153846154,10.390380942289514,4,153.0,0.0,0,0.0,1.0,2,57.0,0.0,0,0.0,1.0,0,0.0,1.0,2,54.0,0.33315772890074535,6,137.0,0.0,2,20.0,0.0005288822166831565,0,0.0,1.0,5,136.0,0.0,5,139.0,0.0,2,77.0,0.0,16,482.0,0.0,7,320.0,0.12026638800536625,2,51.0,0.0,53,1626.0
2260.0,7,66.0,0.25384615384615383,13.307557869910957,1,34.0,0.0,0,0.0,1.0,1,3.0,0.5754029907424721,0,0.0,1.0,0,8.0,0.22164252334758766,2,21.0,9.728325639400123e-05,0,0.0,1.0,0,0.0,1.0,0,1.0,0.6553302386392317,0,0.0,1.0,0,0.0,0.37722364646077955,0,0.0,0.7418106073625987,0,63.0,0.2847081248688744,1,13.0,0.23515531197940467,0,0.0,1.0,5,143.0
2270.0,14,154.0,0.5877862595419847,13.98138630666955,1,45.0,0.2286799756974215,0,3.0,0.7814439017793501,1,28.0,0.6020680124140065,0,0.0,1.0,1,10.0,0.00223236749237721,2,41.0,0.20150112990839877,0,0.0,1.0,0,9.0,0.6931395370814564,0,53.0,0.29171148587528895,0,0.0,1.0,1,10.0,0.48266797305741743,0,0.0,0.6594062190184021,0,0.0,0.9893604499748829,1,23.0,0.0,0,1.0,0.6374612934223782,7,223.0
2280.0,26,288.0,1.0909090909090908,13.13695058401723,1,54.0,0.0,4,19.0,0.0015540577250493944,1,21.0,0.3967910644239941,0,0.0,0.9696713709983522,2,30.0,0.32051345657297386,8,93.0,0.00028721242253662376,0,0.0,1.0,0,0.0,1.0,2,14.0,0.1306047798295567,0,0.0,1.0,1,20.0,0.48924218481111,1,7.0,0.49167719294397627,0,0.0,1.0,1,34.0,0.48476813056162427,0,1.0,0.5024000742598645,21,293.0
2290.0,21,311.0,1.1647940074906367,13.899631201952142,1,64.0,0.0,5,76.0,0.14791039293561423,1,12.0,0.27411475827832643,0,0.0,0.786973948134889,0,0.0,1.0,6,77.0,0.09632770325133785,0,0.0,1.0,0,0.0,1.0,1,15.0,0.31273822776599935,0,0.0,1.0,1,30.0,0.0,1,17.0,0.0,0,0.0,1.0,1,43.0,0.43012896552210134,2,19.0,0.4570600373584631,19,353.0
2300.0,16,69.0,0.25555555555555554,13.20156109146457,0,0.0,1.0,1,56.0,0.08240937108163142,2,29.0,0.0,2,10.0,0.010704528371077002,1,7.0,0.003020445883456924,2,15.0,0.47161172423648184,1,1.0,0.003241582157694192,0,5.0,0.5158917840535849,1,9.0,0.2767660281171497,0,0.0,1.0,0,5.0,0.35663231988764355,1,2.0,0.0011445812444305385,0,0.0,1.0,2,5.0,0.001842213579899154,0,16.0,0.2576599211700829,13,160.0
2310.0,36,286.0,1.055350553505535,12.377145854522546,0,0.0,1.0,0,0.0,1.0,2,49.0,0.3014721698221415,3,40.0,0.0,1,17.0,0.0,3,35.0,0.38578563369101876,2,20.0,0.0,5,32.0,7.132992284596487e-06,2,40.0,0.30636249004999805,0,0.0,1.0,2,16.0,0.00027219281960073254,2,15.0,0.3245699130143531,0,23.0,0.6052369804025377,2,34.0,0.2531303581948429,5,43.0,0.000254785404627639,29,364.0
2320.0,42,546.0,2.029739776951673,12.073604396573643,0,0.0,1.0,0,0.0,1.0,4,78.0,0.16817762125930877,3,70.0,0.0,0,0.0,0.016224523099107938,3,64.0,0.2441302959183969,2,40.0,0.0014267204490813028,5,82.0,0.0,1,3.0,8.415064591156138e-05,1,11.0,0.16702031118625418,2,36.0,0.0,3,38.0,5.205253066358834e-06,6,45.0,0.00022120931272339722,3,57.0,0.0,5,93.0,0.0,38,617.0
2330.0,52,972.0,3.5867158671586714,11.250723685314098,0,0.0,1.0,0,0.0,1.0,6,135.0,0.09641749030960559,3,100.0,0.0,2,14.0,4.2052883280647025e-06,3,62.0,0.0,3,70.0,0.07167949920810791,5,132.0,0.08576572300939674,1,13.0,0.0,3,26.0,0.1838814656009797,2,56.0,0.28515648893693385,3,79.0,0.12916619616775984,6,124.0,0.08437018617466989,3,87.0,0.0,5,143.0,0.0,45,1041.0
2340.0,70,1560.0,5.756457564575646,9.883981483301014,0,0.0,1.0,0,15.0,0.5469261302535049,9,221.0,0.13843792742826086,3,130.0,0.0,0,0.0,0.2219140096359078,3,92.0,0.060850681731014544,4,108.0,9.447431365939452e-07,6,185.0,1.3618894537393636e-06,0,0.0,1.0,6,69.0,0.0007500796865871603,2,76.0,0.0,5,124.0,0.0,10,219.0,4.24641346836191e-07,3,119.0,0.24918349054569286,5,197.0,0.02926698994725971,56,1555.0
2350.0,23,256.0,0.9552238805970149,12.174224608023678,0,0.0,0.841511389492429,1,19.0,0.37082011389028596,4,87.0,0.08547093290147864,0,0.0,1.0,0,0.0,0.9506852270495649,2,32.0,0.20151368495222755,0,0.0,1.0,1,15.0,0.593630236872601,0,1.0,0.7155955356672901,1,13.0,0.2746483381139797,0,0.0,0.5734303959203302,0,0.0,0.5793096910044234,0,26.0,0.3185510330332418,1,17.0,0.172016309499632,0,0.0,1.0,10,210.0
2360.0,29,498.0,1.8376383763837638,13.287451205272616,1,6.0,0.2987782846497825,3,40.0,0.23459364462462168,4,121.0,0.1170098288949902,0,0.0,0.9827514443348025,0,0.0,1.0,3,63.0,0.27096432970316314,0,0.0,1.0,2,26.0,3.4340526602807354e-05,0,6.0,0.3618546761435765,1,21.0,0.0,0,3.0,0.9717375526461888,0,0.0,1.0,0,1.0,0.9465638198369233,1,17.0,0.6377299973872248,0,5.0,0.7296107420525173,15,309.0
2370.0,34,757.0,2.7830882352941178,12.630960780700125,3,26.0,0.013106437017102394,6,96.0,0.00020181996950702729,4,163.0,0.2068065010462412,0,0.0,0.6833950641775506,0,0.0,1.0,4,96.0,0.20116565187253843,0,0.0,1.0,2,49.0,0.2085184540175146,0,2.0,0.18843926929167837,1,31.0,0.0,0,0.0,1.0,0,0.0,0.827739104172217,0,0.0,1.0,1,27.0,0.1929321567639064,0,0.0,1.0,21,490.0
2380.0,33,538.0,1.985239852398524,12.836656223268491,3,56.0,0.0,6,156.0,0.0,5,150.0,0.029955453948457014,0,0.0,1.0,1,1.0,0.48831554328080273,3,63.0,0.17146478868387638,1,5.0,0.34635207115303746,2,68.0,0.5680731260967153,4,29.0,0.19588343352093984,1,41.0,0.0,0,12.0,1.0,0,0.0,1.0,1,3.0,0.0010638359807104234,1,34.0,0.0,0,8.0,0.6485506039519071,28,626.0
2390.0,28,407.0,1.4693140794223827,12.63898947007113,3,86.0,0.0,0,56.0,0.13052530733112294,6,208.0,0.0,0,0.0,1.0,1,11.0,0.0,3,30.0,0.005855327295831339,3,8.0,0.09454952958531762,1,3.0,0.23713015535634063,4,69.0,0.17167150386915006,0,0.0,1.0,1,11.0,0.16121820593567546,1,2.0,0.15298820191025242,0,0.0,0.013979773416609912,0,0.0,1.0,2,14.0,0.16875484314152348,25,498.0
2400.0,34,472.0,1.710144927536232,12.287763019728391,0,0.0,0.46182090395786835,0,0.0,1.0,6,285.0,0.056862810140744235,0,0.0,1.0,1,11.0,0.001971162919481717,4,69.0,0.1671036721937648,7,65.0,1.477093051094946e-05,2,13.0,0.0001734601577230648,1,6.0,0.21867602266711114,0,0.0,0.20268894526391507,4,32.0,0.12629329011364773,2,21.0,0.0,1,17.0,0.3010837294206593,0,1.0,0.6596208769100171,2,33.0,0.0,30,553.0
2410.0,49,853.0,3.0905797101449277,11.973691036978295,0,0.0,1.0,0,2.0,0.24862182158740853,9,366.0,0.00022860531268193254,0,0.0,1.0,0,0.0,1.0,6,126.0,0.0015192198983076308,7,135.0,0.0,2,33.0,0.12274019160179075,0,0.0,1.0,2,21.0,0.055272347007643614,7,91.0,8.990796383569091e-06,2,41.0,0.0,4,47.0,0.11306261298368961,3,16.0,0.004198787227977173,2,54.0,0.22281571000229983,44,932.0
2420.0,55,1335.0,4.802158273381295,11.731721304711277,0,0.0,0.71434147623919,0,0.0,1.0,9,456.0,0.023215774948534065,0,0.0,1.0,0,0.0,1.0,6,179.0,0.04968113840124151,7,205.0,0.0,3,61.0,0.0,0,0.0,0.43542843183271446,3,36.0,0.1433722563342338,7,161.0,0.0,3,64.0,3.191783234752972e-05,5,93.0,0.1569020444382591,4,77.0,0.3190276440642506,5,86.0,0.0809978887972767,52,1418.0
2430.0,68,1953.0,7.0,10.946603253863486,0,0.0,1.0,0,0.0,1.0,12,565.0,0.01673856394455337,0,0.0,1.0,0,0.0,0.2712049640717167,9,274.0,0.1376833470141199,7,275.0,0.0,3,83.0,0.0,0,0.0,0.7674642609983743,6,90.0,0.0,7,231.0,0.0,4,97.0,0.10324075118035153,5,143.0,0.0,4,94.0,0.2607726267692709,6,141.0,0.0,63,1993.0
2440.0,15,93.0,0.32978723404255317,13.039690810504931,0,0.0,0.13033159533395094,0,0.0,0.5788417136654787,2,356.0,0.04151424162080004,0,0.0,1.0,2,18.0,0.23410004935140008,3,55.0,0.09831941554152794,0,1.0,0.15665996712500477,0,0.0,1.0,0,1.0,0.8717957740924047,0,0.0,1.0,0,3.0,0.5509359522464858,0,0.0,0.4399759655200996,0,0.0,1.0,2,10.0,0.0,0,1.0,0.46828475332344033,9,445.0
2450.0,19,203.0,0.7355072463768116,14.304486273414671,2,17.0,0.0,2,12.0,0.38291143902018915,2,217.0,0.053665732480403856,0,0.0,1.0,0,6.0,0.37248153684063395,5,96.0,0.1941842719142282,0,0.0,1.0,0,0.0,1.0,0,0.0,1.0,0,0.0,1.0,0,3.0,0.8408842292113823,0,0.0,0.48977174029564474,0,1.0,0.9508930801934792,2,31.0,0.2932657372635335,0,7.0,0.7643005818875503,13,390.0
2460.0,35,416.0,1.4910394265232976,13.092203220100854,2,37.0,2.51147851562629e-06,6,56.0,9.258394355102601e-05,4,184.0,0.0706579945624542,0,0.0,1.0,0,0.0,1.0,9,169.0,0.16098132701571713,0,5.0,0.9754769891344625,0,0.0,1.0,1,1.0,0.3834018569876356,0,0.0,1.0,1,4.0,0.48031867824897506,0,0.0,0.8027606352650267,0,0.0,1.0,2,50.0,0.0,3,50.0,0.22823979449499876,28,556.0
2470.0,42,698.0,2.4839857651245554,12.447822497223015,2,57.0,0.27462831447082514,6,116.0,0.0,8,254.0,4.533989357954882e-06,0,0.0,1.0,0,0.0,0.6800692828058651,8,156.0,0.10457538388251798,0,1.0,0.7600429700910126,0,0.0,1.0,2,20.0,0.03663032056654428,0,0.0,1.0,1,14.0,0.0,0,0.0,1.0,0,0.0,1.0,2,70.0,0.0,6,100.0,8.611840639385503e-07,35,788.0
2480.0,25,440.0,1.6176470588235294,12.362881116034547,1,7.0,0.08740350332216151,0,49.0,0.1555256503026882,8,334.0,0.0,0,0.0,1.0,1,4.0,0.0,2,28.0,0.04722335979322662,1,3.0,0.003964328723308589,2,5.0,0.14098093115067423,0,0.0,1.0,0,0.0,1.0,0,11.0,0.28219028088353537,1,2.0,0.00014129976685699802,0,0.0,0.5431129517552634,0,5.0,0.4669580737706999,1,111.0,0.139499217018143,17,559.0
2490.0,35,691.0,2.5404411764705883,12.490667994248835,1,15.0,0.0,0,0.0,1.0,8,414.0,0.0,0,0.0,1.0,1,6.0,0.3296562685999171,3,58.0,0.0,3,25.0,0.001200254533643335,3,26.0,0.13963998074360442,0,0.0,0.5151677522288626,0,0.0,1.0,2,12.0,0.14822957264368142,1,12.0,0.0,1,18.0,0.548382837307565,1,13.0,0.3359989173555369,1,9.0,0.0,25,608.0
2500.0,55,944.0,3.3956834532374103,11.146911080657945,2,37.0,0.04343925478601674,0,0.0,1.0,7,425.0,0.17775779964263924,0,0.0,1.0,2,22.0,2.673934882326408e-06,3,88.0,0.19362097268579823,4,64.0,0.0,5,72.0,8.906700222772931e-07,0,0.0,1.0,0,17.0,0.3073767645847245,6,55.0,1.4975012414254654e-05,2,24.0,3.777849470298747e-05,8,60.0,0.000343803583055155,4,35.0,0.0003970596910224994,1,25.0,0.3742634272524778,44,924.0
2510.0,60,1196.0,4.364963503649635,10.626708615230198,4,73.0,0.0,0,0.0,1.0,9,503.0,0.02028987380100014,0,0.0,1.0,0,0.0,1.0,3,67.0,0.0,5,108.0,0.0912042703913094,5,122.0,0.0,0,0.0,1.0,5,49.0,0.0008999301883448825,6,115.0,0.14057600500513495,2,44.0,0.0,8,140.0,0.0,4,75.0,0.0,1,29.0,0.0,52,1325.0
2520.0,64,1773.0,6.40072202166065,10.976999160119691,5,114.0,0.0006130562254814448,0,0.0,1.0,11,612.0,0.11987953269932479,0,0.0,1.0,0,0.0,1.0,5,100.0,0.16115865260969942,5,158.0,0.02699185867744837,5,172.0,0.07386121992685177,0,0.0,1.0,6,109.0,2.5144616434659195e-06,6,175.0,0.0,2,64.0,0.22765421083214207,8,220.0,0.0,4,115.0,0.0,1,39.0,0.0,58,1878.0
2530.0,12,152.0,0.5448028673835126,12.962936519983893,3,98.0,0.006782670016840277,0,0.0,0.5128984537186048,3,519.0,0.01856427475178624,0,0.0,1.0,0,0.0,1.0,2,16.0,0.10905172491169197,0,0.0,1.0,0,0.0,1.0,0,1.0,0.7655223910638891,0,2.0,0.4168719415814288,0,0.0,0.6253497746082475,0,0.0,0.7684738454349267,0,0.0,1.0,0,26.0,0.47458819577520445,0,0.0,1.0,8,662.0
2540.0,23,271.0,0.9713261648745519,12.400613935275267,5,144.0,0.10053818898435003,2,13.0,0.31958047777299337,1,167.0,0.08624119148882307,0,0.0,0.9954826455684594,1,2.0,0.001369053458136622,2,36.0,0.26987537729255856,0,0.0,0.4358468987504927,0,0.0,1.0,6,43.0,0.018882350456223697,0,0.0,1.0,0,0.0,0.8605964465625197,1,1.0,0.005426841114658951,0,0.0,1.0,0,0.0,1.0,0,0.0,0.8402411937707046,18,406.0
2550.0,38,524.0,1.8647686832740213,11.57002566677146,5,193.0,0.0,4,43.0,0.005166411007919579,3,124.0,0.14233466911928955,0,0.0,1.0,1,12.0,0.0,5,84.0,0.0,1,8.0,5.739181386940962e-06,0,0.0,0.652093693081696,11,152.0,0.03663771228551057,0,0.0,1.0,1,6.0,0.0,1,11.0,0.0,0,0.0,1.0,0,43.0,0.9980581424182062,1,4.0,0.00014722822472443885,33,680.0
2560.0,32,589.0,2.111111111111111,12.119526917542744,5,243.0,0.0,5,92.0,0.0756295533923123,7,182.0,0.00011256468421142957,0,0.0,1.0,0,0.0,1.0,2,47.0,0.06283497167242903,1,18.0,0.16074042655211077,0,54.0,1.0,1,40.0,0.32205310532510834,0,0.0,1.0,1,16.0,0.0,1,21.0,0.0,0,0.0,1.0,1,51.0,0.4950063947285388,1,14.0,0.45942282294286985,25,778.0
2570.0,24,323.0,1.1745454545454546,12.178964037859217,0,136.0,0.06909669485870365,0,20.0,0.15290191199045014,7,252.0,0.0,0,0.0,1.0,0,0.0,1.0,1,28.0,0.49844976653155876,1,5.0,0.4256108185343041,0,0.0,0.5884713312356246,3,34.0,0.032822725981481254,0,0.0,1.0,0,5.0,0.21397188491695662,0,1.0,0.5699709295114236,1,4.0,0.013615682840375842,3,23.0,0.1980989339655275,0,6.0,0.6584332338718354,16,514.0
2580.0,32,550.0,1.9855595667870036,12.634974005181848,0,0.0,1.0,0,0.0,1.0,7,322.0,0.0,0,0.0,1.0,0,0.0,1.0,1,38.0,0.0,1,10.0,0.0,1,5.0,0.0,3,45.0,5.495098466575159e-06,0,0.0,1.0,3,21.0,0.15310638526291895,1,9.0,0.0,4,51.0,0.21709651716617337,4,58.0,0.0020536624218013217,1,8.0,7.162180792391139e-05,26,567.0
2590.0,39,657.0,2.380434782608696,11.58205177050653,0,0.0,1.0,0,0.0,1.0,6,326.0,0.12602413102664825,0,0.0,1.0,0,0.0,1.0,1,48.0,0.39928481279028305,2,24.0,2.5969143980479847e-05,2,23.0,0.00016758449757480197,2,42.0,0.0,1,72.0,0.10167378488263612,5,62.0,1.0880777412675568e-06,1,19.0,0.0,7,96.0,0.008093706382343222,6,115.0,7.038226573986389e-06,2,29.0,0.06462814964509267,35,856.0
2600.0,47,943.0,3.3558718861209966,11.372397973388576,0,0.0,1.0,0,0.0,1.0,8,396.0,0.10213137674061282,0,0.0,1.0,0,0.0,1.0,1,1.0,0.38077703086803966,2,44.0,0.0,2,43.0,0.0,0,0.0,1.0,6,120.0,0.024025812807204738,5,112.0,0.0,1,29.0,0.0,10,192.0,0.0,6,175.0,0.13499640117844589,3,52.0,4.452764039674937e-06,44,1164.0
2610.0,53,1365.0,4.840425531914893,11.447942497781787,0,0.0,1.0,0,0.0,1.0,8,476.0,0.0011469157768131176,0,0.0,1.0,0,0.0,1.0,3,24.0,0.07044902842856203,2,64.0,0.0,2,63.0,0.0,1,8.0,0.34534568619985023,5,147.0,0.03962395963366635,5,162.0,0.0,2,40.0,0.3292092932750505,10,292.0,0.00042025367421411926,7,238.0,6.04040905762259e-05,3,91.0,0.19482311569524752,48,1605.0
2620.0,15,103.0,0.36917562724014336,13.180855165941749,0,0.0,1.0,0,0.0,0.698473174089653,2,274.0,0.09986218871401645,0,0.0,1.0,1,10.0,0.11719696656478436,3,45.0,0.2216339522689736,0,0.0,1.0,0,0.0,1.0,3,26.0,0.30614745389075165,0,2.0,0.53151405564558,0,0.0,0.7060026809739532,1,5.0,0.36285451109253775,0,0.0,1.0,1,13.0,0.0,0,0.0,0.17067968624412594,11,375.0
2630.0,15,169.0,0.6014234875444839,13.165315775839243,0,0.0,1.0,1,6.0,0.3736182813722851,1,156.0,0.09367928281900213,0,1.0,0.9919609269303211,0,0.0,1.0,4,80.0,0.1672813379920199,0,0.0,1.0,0,0.0,0.9785375653093438,2,40.0,0.0819399426717587,0,0.0,1.0,0,0.0,1.0,1,15.0,0.5886333148577269,0,0.0,1.0,1,23.0,0.0,0,0.0,0.5536856944638086,10,321.0
2640.0,22,319.0,1.1312056737588652,13.682131566758239,0,0.0,1.0,3,27.0,1.2643983048815523e-05,1,29.0,0.0,0,0.0,1.0,0,0.0,1.0,6,131.0,0.022462345971671703,0,0.0,1.0,0,1.0,0.6047725406572594,2,15.0,0.01913168103910746,0,0.0,1.0,0,0.0,1.0,2,31.0,0.0,0,7.0,0.9143434470517253,1,33.0,0.5057071515903621,1,8.0,0.21032710031142815,16,282.0
2650.0,25,420.0,1.5,13.730546347347065,0,0.0,1.0,3,58.0,0.20003851293787286,1,39.0,0.0,0,0.0,1.0,1,2.0,0.00032483776782827554,4,84.0,0.0,0,0.0,1.0,1,9.0,0.0,3,32.0,0.31634981322335265,0,0.0,1.0,0,0.0,1.0,2,51.0,0.0,0,0.0,1.0,1,43.0,0.0,2,24.0,0.1655501385241474,18,342.0
2660.0,19,275.0,0.9821428571428571,13.148837512277439,0,0.0,1.0,0,7.0,0.1891357772298627,1,49.0,0.0,0,0.0,1.0,0,0.0,0.5410441129932194,0,0.0,0.008061102357124103,3,8.0,0.009285242073690175,1,2.0,0.00033575510911296023,3,61.0,0.058141368352998254,0,0.0,1.0,0,5.0,0.3133999629407834,0,0.0,1.0,0,0.0,1.0,1,46.0,0.16616439140080985,1,18.0,0.15343941266746494,10,196.0
2670.0,25,423.0,1.5215827338129497,13.067577558355586,0,0.0,1.0,0,0.0,1.0,1,59.0,0.0,0,0.0,1.0,0,0.0,1.0,1,11.0,0.4913176704955063,4,47.0,0.06642176899977507,1,10.0,0.058881424342802906,0,25.0,0.24464052151506616,0,0.0,1.0,2,18.0,0.08922272584522062,0,0.0,1.0,1,20.0,0.35010112542717536,2,68.0,0.12967044019203336,2,35.0,0.0,14,293.0
2680.0,26,315.0,1.1209964412811388,12.607081011114214,0,0.0,1.0,0,9.0,0.9038159070240352,0,0.0,1.0,0,0.0,1.0,0,0.0,0.5166661416519243,1,20.0,0.4747931314787866,6,96.0,0.00020193102459119318,2,30.0,0.0,0,0.0,1.0,2,15.0,0.11359187595379402,3,42.0,0.003676979464730754,0,0.0,1.0,4,46.0,1.7031540319061086e-05,3,96.0,0.0019274198158109365,2,60.0,0.3218045814036056,23,414.0
2690.0,39,601.0,2.131205673758865,11.960024249521885,0,0.0,0.5426087430010769,0,0.0,1.0,1,15.0,0.38040642025848165,0,0.0,1.0,1,5.0,0.0,0,0.0,1.0,7,160.0,2.7132586588182445e-06,2,50.0,0.0,0,0.0,1.0,4,164.0,0.08277462099857834,4,82.0,0.0,0,0.0,1.0,4,86.0,0.11060072578876871,4,136.0,0.0,3,82.0,0.20098259676999514,30,780.0
2700.0,56,1059.0,3.850909090909091,11.29563500284663,1,16.0,0.003963785257844849,0,0.0,1.0,2,20.0,0.0,0,0.0,1.0,0,0.0,1.0,0,0.0,0.08712101633079267,7,230.0,0.0,2,77.0,0.28429184241270516,0,0.0,0.18148309747398847,9,259.0,4.512190259618615e-05,4,122.0,0.0,1,6.0,0.2849562506860826,6,142.0,0.0018980662378631514,4,176.0,0.1378896366841535,5,121.0,1.6336961224100608e-05,41,1169.0
2710.0,21,271.0,0.9854545454545455,13.404447175170992,3,41.0,0.24293612627276379,0,0.0,0.6101855421959104,2,40.0,0.0,0,0.0,1.0,0,0.0,1.0,1,10.0,0.34862323128171785,0,0.0,1.0,1,13.0,0.0,0,55.0,0.8113016150437439,0,0.0,1.0,0,4.0,0.5780156915550314,0,0.0,0.6196331205766692,0,0.0,1.0,1,27.0,0.23129341466165013,0,0.0,1.0,8,190.0
2720.0,27,463.0,1.695970695970696,13.366333328827956,5,76.0,0.08119085800066726,1,8.0,0.5591397326055099,2,60.0,0.0,0,2.0,0.9302954686916485,0,0.0,0.9139761256525631,2,26.0,0.2326786783197481,0,0.0,1.0,1,25.0,0.6319920953623489,0,28.0,0.2232310941907837,0,0.0,1.0,0,0.0,1.0,0,0.0,0.5474387388968317,1,2.0,0.003389650835846089,1,17.0,0.6415867607925589,0,2.0,0.9436567314726034,13,246.0
2730.0,37,671.0,2.457875457875458,12.567226219435314,5,126.0,0.0,5,37.0,0.0006109564783907945,2,80.0,0.0,0,0.0,1.0,0,0.0,1.0,5,61.0,0.0864888812988086,0,0.0,1.0,1,33.0,0.0,2,56.0,0.1819291137329059,0,0.0,1.0,0,0.0,1.0,0,0.0,1.0,1,12.0,0.0,1,26.0,0.0,0,0.0,0.011032933421352356,22,431.0
2740.0,38,742.0,2.6884057971014492,12.054081729230314,5,176.0,0.0,6,97.0,9.394184618458765e-07,1,44.0,0.0,0,0.0,1.0,0,0.0,1.0,6,75.0,0.20071535175728805,0,5.0,0.19459729842154982,1,43.0,0.0,4,142.0,2.726991470340742e-05,0,0.0,0.20373392922553696,0,0.0,0.9772500514911155,0,0.0,1.0,1,22.0,0.0,1,36.0,0.0,1,15.0,0.2775199887532789,26,655.0
2750.0,19,421.0,1.498220640569395,12.679946383719402,0,105.0,0.13746914170827226,0,39.0,0.16620053727842182,1,54.0,0.0,0,0.0,0.734342266899736,0,0.0,1.0,4,105.0,0.18949808091357292,1,2.0,0.0006597210530173654,0,26.0,0.45525502261642603,0,73.0,0.1640519984640429,1,8.0,0.0,1,7.0,0.15768927828582824,1,3.0,0.006596582420786922,0,0.0,1.0,1,1.0,0.4981448996080138,0,0.0,1.0,10,423.0
2760.0,28,646.0,2.315412186379928,12.912360472000216,0,30.0,0.0496841783989148,0,0.0,1.0,1,64.0,0.4258507991341988,1,6.0,5.774278945299453e-06,0,0.0,0.14249737114950645,5,139.0,0.0,3,68.0,0.23797766818837127,1,3.0,1.3490913317037733e-05,0,2.0,0.4975903135716224,1,18.0,0.0,2,15.0,0.10781097587307072,2,22.0,0.0,0,24.0,0.5430965554795734,2,14.0,9.349190988144721e-05,0,0.0,0.29904790205199516,18,405.0
2770.0,44,490.0,1.7625899280575539,12.039682288020387,1,3.0,3.0014357861216227e-05,0,0.0,1.0,1,66.0,0.3545757852064346,1,16.0,0.0,0,0.0,0.945813531622395,6,197.0,0.10002053061612852,5,71.0,2.052451560475426e-06,1,13.0,0.0,2,14.0,0.11948387661770639,3,54.0,0.20199406329287495,3,38.0,0.06318446577312836,2,42.0,0.34860764372608155,9,71.0,0.00047525073380838556,2,34.0,0.0,0,0.0,1.0,36,619.0
2780.0,49,777.0,2.78494623655914,11.988251961813832,1,13.0,0.09292529848906896,0,0.0,1.0,1,13.0,0.0,1,26.0,0.0,0,0.0,1.0,5,203.0,0.007788808054043759,5,121.0,0.13867126780668312,1,23.0,0.0,3,36.0,1.3680609264243392e-05,8,164.0,0.0006789285236421322,4,77.0,0.14585688097328925,4,92.0,1.3884177566535888e-06,8,135.0,0.019032695910079302,2,60.0,0.27593390326489203,0,12.0,0.12772632408336224,43,975.0
2790.0,56,1181.0,4.202846975088968,11.670731454668736,2,31.0,0.20009827691977944,0,0.0,1.0,2,33.0,0.0684353619330916,1,36.0,0.0,0,0.0,1.0,5,122.0,0.1500653696239442,5,171.0,0.0,1,33.0,0.0,0,0.0,0.9001062879410228,9,254.0,6.651003033512314e-06,5,121.0,0.0,4,132.0,0.0,10,232.0,0.0,2,74.0,0.0,2,29.0,0.0,48,1268.0
2800.0,16,231.0,0.8191489361702128,13.508741694624998,3,58.0,0.0,0,0.0,0.3037835709395352,1,20.0,0.0,0,0.0,1.0,1,9.0,0.07239145163431569,3,50.0,0.0,0,0.0,1.0,0,0.0,0.7017887745609404,0,1.0,0.9670967147728463,0,0.0,1.0,0,0.0,0.4660240080732512,0,0.0,0.8857963280252473,0,0.0,0.7935359345260874,0,10.0,0.49949972608691723,0,1.0,0.4658120617286445,8,149.0
2810.0,16,121.0,0.4275618374558304,14.20502429990713,1,37.0,0.22464464777568624,1,10.0,0.489033178683009,1,30.0,0.0,0,1.0,0.9526577135533554,0,0.0,1.0,4,81.0,0.10460622843539127,0,0.0,1.0,0,25.0,0.9856113074159157,6,30.0,0.021378227153051484,0,0.0,1.0,0,0.0,0.9945187232215694,0,4.0,0.5215850480174566,0,0.0,1.0,0,0.0,0.005630436842697303,0,13.0,0.9263201168204711,13,231.0
2820.0,36,374.0,1.3215547703180213,12.589317966117429,3,62.0,0.08893912546972002,6,83.0,0.16058817051288188,1,40.0,0.0,0,0.0,1.0,0,0.0,0.043858920702390836,9,152.0,0.1738046324679936,0,0.0,0.9688457228200306,0,0.0,1.0,9,181.0,0.07909711515030073,0,0.0,0.177036758745735,1,4.0,5.939399756964813e-05,0,0.0,0.989383386740298,0,0.0,1.0,1,10.0,0.0,0,0.0,1.0,30,532.0
2830.0,32,454.0,1.5874125874125875,12.809037959701838,4,99.0,0.2,8,155.0,3.2137498497183853e-06,1,50.0,0.5337126203816163,0,0.0,1.0,0,0.0,0.48850141624572263,10,171.0,3.277984561146492e-05,0,0.0,1.0,0,0.0,1.0,0,93.0,0.4013484912578448,1,9.0,0.0,1,14.0,0.0,0,0.0,1.0,0,0.0,1.0,1,59.0,0.4970585203272666,0,0.0,0.4623733823645437,26,650.0
2840.0,19,224.0,0.7859649122807018,12.67326837799747,0,39.0,0.1631588278792232,0,112.0,0.11588352373141447,3,67.0,0.00020227688465227316,0,0.0,1.0,0,0.0,0.8896537688140178,1,83.0,0.4302689610203319,0,0.0,0.14422672257386096,1,4.0,0.316571163357585,3,88.0,0.02299705424741885,0,0.0,0.7437836010615622,0,4.0,0.42375566339934057,0,0.0,0.5822164178536956,0,5.0,0.17743183080570943,5,122.0,0.06940523667177924,0,5.0,0.4774351113749213,13,529.0
2850.0,33,458.0,1.5902777777777777,12.570963919599073,0,0.0,1.0,0,0.0,0.39347950805166226,3,97.0,0.0,0,0.0,1.0,1,2.0,3.4585466999715945e-05,1,81.0,0.0,2,18.0,0.317496016998559,3,25.0,0.0898592856359202,3,111.0,0.22049066970944353,0,0.0,1.0,1,8.0,0.20315532573311956,1,8.0,0.10593582760361703,5,62.0,0.26430554145402885,6,173.0,0.0002926367425771385,1,17.0,0.4847831543273656,27,602.0
2860.0,42,596.0,2.0912280701754384,11.69466528738793,0,0.0,1.0,0,0.0,1.0,4,56.0,0.20733756732726513,1,8.0,0.03367344564903641,0,0.0,1.0,1,91.0,0.4875508344904967,2,38.0,0.0,4,67.0,0.10126721596779183,3,141.0,0.0,1,19.0,0.2624761887943222,3,33.0,0.001466100651078581,2,26.0,0.018794966418798513,9,104.0,0.06586857582154164,6,233.0,0.0,1,19.0,0.0,37,835.0
2870.0,58,952.0,3.352112676056338,11.39464795712907,0,0.0,1.0,0,0.0,1.0,7,113.0,0.04049215088191024,2,27.0,0.0,1,1.0,0.0013663112197867997,1,4.0,0.2180864217428121,2,58.0,0.0,5,110.0,1.4093630630322504e-05,0,6.0,0.3778844413027413,7,99.0,9.714842300497519e-05,4,73.0,0.0,3,55.0,0.08239357803800909,14,235.0,0.007545991516428889,6,293.0,0.2433561080003706,1,29.0,0.0,53,1103.0
2880.0,65,1510.0,5.224913494809688,10.55741818327176,0,0.0,1.0,0,0.0,1.0,8,188.0,0.036304777782733215,2,47.0,0.0,0,0.0,1.0,4,33.0,0.20162820500350914,2,78.0,0.04817444414773833,5,160.0,0.0,0,0.0,0.7697588155481206,6,167.0,0.01776344635376198,4,113.0,0.0,6,105.0,0.0050523646277564754,16,375.0,3.075549403361513e-07,6,353.0,0.0,1,39.0,0.42169415964601076,60,1658.0
2890.0,9,116.0,0.4084507042253521,13.557241442440102,0,0.0,1.0,0,0.0,0.5895416554272861,1,84.0,0.08532762750975117,0,0.0,1.0,0,0.0,1.0,3,17.0,0.12863706454476614,0,0.0,0.520654911189937,0,0.0,0.7921850849803115,1,3.0,0.46949881655411274,0,0.0,0.011155663373306491,0,0.0,0.598718000860703,0,11.0,0.48338210725479414,0,17.0,0.3957378996412923,0,0.0,1.0,0,0.0,0.9608016294897359,5,132.0
2900.0,21,174.0,0.6126760563380281,13.634375716416129,0,0.0,0.41792214692725704,2,13.0,0.42534589980338816,3,80.0,0.001910053180846811,0,1.0,0.9343953324696924,0,0.0,1.0,4,51.0,0.14905972335772985,0,0.0,1.0,0,0.0,0.8116477518199643,7,128.0,0.055936307258337634,1,33.0,0.2891211305007402,0,3.0,0.7493775175335319,0,0.0,0.8184984615921449,0,0.0,0.4987346666659082,0,0.0,1.0,0,1.0,0.6574560870615405,17,310.0
2910.0,29,334.0,1.188612099644128,12.931823979152657,0,0.0,1.0,6,51.0,4.973438397874363e-05,4,120.0,8.209197008361988e-07,0,0.0,1.0,0,0.0,1.0,9,107.0,0.001304802085386171,0,0.0,1.0,0,0.0,0.3516061095808203,0,39.0,0.27051659767465935,1,19.0,0.0,0,0.0,0.8866711336997646,0,0.0,1.0,0,0.0,1.0,0,5.0,0.8017463142174268,0,0.0,0.2406742419338701,20,341.0
2920.0,26,340.0,1.209964412811388,12.829079513921078,0,0.0,0.25228431921095495,6,112.0,0.0027593515655694664,3,99.0,0.006664914994424154,0,0.0,1.0,0,0.0,1.0,7,117.0,0.0,1,3.0,0.000516739364062517,0,0.0,1.0,0,1.0,0.08617181685059085,0,0.0,1.0,0,1.0,0.9571408847963319,0,0.0,0.9433312156286368,0,4.0,1.0,0,0.0,0.6407321058202214,0,0.0,0.17916184323681492,17,337.0
2930.0,17,180.0,0.6766917293233082,12.97181356485771,1,9.0,0.0,1,71.0,0.0878567912505678,4,138.0,0.0,0,0.0,1.0,0,0.0,1.0,1,60.0,0.2096422574808313,2,4.0,0.03838566451742332,0,8.0,0.22736363237147805,1,4.0,5.525972352138797e-05,0,0.0,1.0,0,0.0,1.0,0,4.0,0.16702334999452284,1,51.0,0.08424961492896606,1,12.0,0.5454705128677519,1,18.0,0.5685063423507676,13,379.0
2940.0,31,374.0,1.400749063670412,12.73744584617509,1,19.0,0.0,0,0.0,1.0,4,178.0,0.17369888735539032,0,0.0,1.0,1,1.0,0.0013651035439044324,4,55.0,3.987514909188184e-06,6,48.0,3.3109170894441337e-06,2,19.0,0.2866106383922604,1,14.0,0.0,0,0.0,1.0,0,1.0,0.5138536048324398,3,28.0,0.06911219186154074,2,87.0,0.3430452339354871,3,25.0,7.099318420250837e-05,1,29.0,0.30601749063215794,28,504.0
2950.0,44,678.0,2.4926470588235294,11.995124115758601,1,29.0,3.2586675576892576e-06,0,0.0,1.0,5,221.0,0.047843015397478206,0,0.0,1.0,0,0.0,1.0,4,95.0,0.18953649423024913,7,113.0,0.1247991969972578,3,34.0,0.13161291665432567,0,0.0,1.0,1,17.0,0.20788179518797367,2,12.0,0.0038332363236997066,6,75.0,0.13088437568524394,6,68.0,9.33164213476843e-05,4,61.0,0.0,1,28.0,0.0,40,753.0
2960.0,53,1066.0,3.8763636363636365,11.793025662013811,1,39.0,0.0,0,0.0,1.0,6,279.0,0.0,0,0.0,1.0,0,0.0,1.0,2,83.0,0.01547134033156032,7,183.0,0.0,4,67.0,8.543822624761297e-05,0,0.0,1.0,5,41.0,9.320288581724864e-06,3,42.0,0.0,8,138.0,0.10725169964876818,6,129.0,0.006682237192329806,4,119.0,0.19145670579785998,1,38.0,0.0,47,1158.0
2970.0,62,1577.0,5.7765567765567765,11.225439317045046,2,51.0,0.1750540731692597,0,0.0,1.0,7,343.0,1.387265173688966e-05,0,0.0,1.0,0,0.0,1.0,2,41.0,0.0015020702450994812,7,253.0,0.0,4,107.0,0.0012326275091219033,0,0.0,0.5959198200843281,5,91.0,0.0,3,93.0,0.046682356759917956,9,205.0,1.3935339309185134e-05,8,201.0,0.00013345883454457465,4,141.0,0.29226180355546255,1,55.0,0.11707725805948646,52,1581.0
2980.0,18,76.0,0.2783882783882784,13.345600265713953,2,19.0,0.05511245617180493,0,0.0,0.5534164788861049,5,258.0,0.15222817106305325,0,0.0,1.0,0,0.0,1.0,1,11.0,0.61181358183693,0,32.0,0.22821589771822778,0,0.0,0.7575400296193089,1,4.0,0.4388081918639199,0,0.0,1.0,0,0.0,0.6352729437311231,0,71.0,0.41676395550371304,0,0.0,1.0,2,8.0,0.14225053974111934,0,0.0,1.0,11,403.0
2990.0,27,211.0,0.7700729927007299,13.488332429604485,2,40.0,0.23981604668886133,2,13.0,0.3949332648611284,4,202.0,0.22831342817502512,0,0.0,0.9734597654674936,0,0.0,1.0,3,29.0,0.20878802092968582,0,0.0,1.0,1,9.0,0.637424010144855,0,63.0,0.17583352749295478,0,0.0,1.0,0,0.0,0.9305329263875792,1,17.0,0.2262757609239836,0,0.0,0.40837706333674034,2,28.0,0.3070009682864618,0,6.0,0.5819345655070306,15,407.0
3000.0,35,468.0,1.701818181818182,13.360614489091425,2,59.0,0.0,4,88.0,0.06905923902503575,7,259.0,0.0002596594334552857,0,0.0,1.0,0,0.0,1.0,6,79.0,0.06383743307657914,0,0.0,1.0,1,16.0,0.0,1,19.0,0.39838640848267914,0,0.0,1.0,1,2.0,0.3131288200543373,2,32.0,0.18181366512987354,0,0.0,1.0,2,48.0,0.0,1,6.0,0.16097840923358717,27,608.0
3010.0,38,594.0,2.1758241758241756,13.2393122522047,3,82.0,1.9044016512099882e-06,10,176.0,0.04527883437290251,6,285.0,0.13641921372625837,0,0.0,0.9551663580969441,0,0.0,0.010015706107869355,4,80.0,0.09669953149981114,1,4.0,0.0001985697675624997,1,26.0,0.22543810324801186,4,40.0,0.061666553829668055,0,0.0,1.0,1,12.0,0.5231856961276096,2,43.0,0.0,0,0.0,1.0,2,68.0,0.2074312707457198,1,16.0,0.39426824143514005,35,832.0
3020.0,32,379.0,1.3682310469314078,12.0925187535106,0,56.0,0.2990894289589741,2,150.0,0.08127115007380728,8,357.0,0.05831837052738975,1,5.0,0.0,0,0.0,1.0,2,61.0,0.23831966224426634,1,4.0,0.05535372030514829,1,1.0,0.3151793899706326,5,84.0,0.13039608342379755,0,0.0,1.0,3,14.0,0.07899945016632573,0,0.0,1.0,0,0.0,1.0,0,0.0,1.0,3,23.0,0.06432812327931346,26,755.0
3030.0,38,554.0,1.9785714285714286,12.136702717340015,1,18.0,0.013141067565186708,0,0.0,1.0,10,443.0,0.07564625644914137,1,15.0,0.007741547395423481,0,0.0,0.31412594519177056,3,87.0,0.0,4,33.0,0.00014239898346911806,3,24.0,1.758597007860756e-06,2,30.0,0.27975851224892356,0,0.0,1.0,5,55.0,0.00023843542576287721,0,5.0,0.21748371299680685,0,18.0,0.5262689664842168,0,0.0,1.0,4,61.0,0.0,33,789.0
3040.0,51,965.0,3.4464285714285716,11.725054441059996,2,37.0,0.0,0,0.0,1.0,11,538.0,0.00020940522019146992,2,34.0,0.0,1,8.0,0.05929622240012105,3,117.0,0.08599031476854027,4,73.0,0.0,3,54.0,0.11680786982902025,4,36.0,8.326083698052663e-05,0,17.0,0.3005525105766857,5,105.0,0.0,2,10.0,0.0,6,60.0,0.07275004778104893,0,4.0,0.7514736632261106,4,101.0,0.0,47,1194.0
3050.0,61,1359.0,4.888489208633094,10.797473993683592,3,64.0,4.568061794473232e-05,0,0.0,1.0,11,648.0,0.09515609651405314,2,54.0,0.0,0,6.0,0.1441110945886333,4,77.0,8.719387306998736e-05,5,118.0,3.592906893467425e-06,4,87.0,2.0447643906867424e-05,1,21.0,0.0,7,56.0,0.009355511656847913,5,155.0,0.0,2,30.0,0.0,8,136.0,0.01140012937524269,1,32.0,0.32934001231127197,4,146.0,0.07331080471001282,57,1630.0
3060.0,72,2004.0,7.287272727272727,10.69091866251555,3,94.0,0.0,0,0.0,1.0,13,774.0,0.04685966395142538,2,74.0,0.0,0,0.0,0.9566853357346451,5,118.0,0.16004532181058995,5,168.0,0.10539569907042402,4,127.0,0.0,1,5.0,0.18082409188770213,9,143.0,0.0,5,205.0,0.0,2,52.0,0.4283165478821701,9,224.0,0.0,4,79.0,4.401807012777524e-06,6,200.0,0.0,68,2263.0
3070.0,17,168.0,0.6021505376344086,13.1789210665378,4,131.0,0.08634200719251732,0,0.0,0.5585132959875314,4,543.0,0.06606645745140893,0,0.0,1.0,0,0.0,0.6800947409805933,1,12.0,0.6423938537856457,2,9.0,0.0014828245009839648,0,0.0,0.7714255126692988,0,1.0,0.7497052763225637,0,22.0,0.22861169356364838,0,1.0,0.6558545087598086,1,4.0,0.4307932397363101,0,0.0,1.0,0,0.0,1.0,0,3.0,0.48579371781998915,12,726.0
3080.0,30,395.0,1.420863309352518,13.784230248250823,5,177.0,0.12496919583559289,1,9.0,0.6084981265737832,10,620.0,0.11134610651709487,0,0.0,0.9579661658442705,2,7.0,0.05885806784906199,2,22.0,0.38161137265747436,2,29.0,0.0,0,0.0,1.0,0,0.0,0.6310303840391897,1,21.0,0.1809120473187257,0,9.0,0.9834899358479099,1,18.0,0.32429538817011494,0,0.0,1.0,0,3.0,0.904883126241298,0,0.0,0.7719553553141842,24,915.0
3090.0,40,709.0,2.55956678700361,12.44783064232832,5,226.0,0.0,6,84.0,0.0034620658505649005,11,746.0,0.015545733602301848,0,0.0,1.0,0,8.0,0.13187496475881658,5,61.0,0.18639260436843497,2,49.0,0.3920391101115738,0,0.0,0.505585680660231,0,0.0,1.0,1,22.0,0.48193313586859005,0,0.0,0.9805253626204081,2,36.0,0.0,0,0.0,1.0,0,37.0,0.9481005653975334,0,0.0,0.981787670865446,32,1269.0
3100.0,44,848.0,3.0613718411552346,11.927671302833925,5,279.0,0.16392321908825236,7,154.0,0.16051104587568668,12,822.0,3.0154411548428484e-05,0,0.0,1.0,0,0.0,1.0,6,54.0,6.280471926229572e-05,3,75.0,0.09023179654057134,1,9.0,0.0,0,0.0,0.3379309384977119,1,2.0,0.00041534249713174974,0,0.0,0.4221157438595193,2,57.0,0.492524514202628,0,0.0,1.0,1,41.0,0.0,1,2.0,0.19000620067298557,39,1495.0
3110.0,22,494.0,1.7642857142857142,12.21085020992353,0,143.0,0.12255446717724228,0,109.0,0.10794393689342238,12,942.0,0.00940050198890039,0,0.0,0.5561132970666335,0,0.0,1.0,1,36.0,0.7322159642536437,1,18.0,0.08282733381476926,1,2.0,0.21342567407548282,0,1.0,0.4232816261768882,0,0.0,1.0,1,6.0,0.19957596487875157,1,4.0,0.0,0,0.0,0.18785003971815686,0,0.0,1.0,0,12.0,0.255238605777699,17,1273.0
3120.0,36,716.0,2.5848375451263537,12.566966255151796,0,79.0,0.03598988130746814,0,0.0,1.0,13,1073.0,0.06437354665267049,1,5.0,3.5900880550460486e-06,0,0.0,1.0,3,52.0,0.00035349301648453045,3,29.0,0.2676525116587219,2,17.0,2.577793101447384e-06,1,9.0,0.0,0,0.0,1.0,3,37.0,0.21648613080431295,1,14.0,0.21217566754643774,1,31.0,0.40864684881728136,0,0.0,1.0,0,1.0,0.2064693285216994,28,1347.0
3130.0,46,943.0,3.3321554770318023,11.887517252437453,0,36.0,0.012384897995093212,0,0.0,1.0,13,1153.0,0.01651635077803914,1,15.0,0.0,0,0.0,1.0,4,84.0,0.0001560330443927576,5,85.0,0.022542970077683484,2,37.0,0.0,0,0.0,1.0,1,24.0,0.1948812652437724,8,97.0,0.10542733172635338,2,28.0,0.4229160502039718,8,67.0,0.00021302166795616188,0,0.0,1.0,0,0.0,1.0,44,1626.0
3140.0,61,1413.0,4.975352112676056,10.92290961689033,0,0.0,1.0,0,0.0,0.46467591339613346,14,1293.0,0.08341848142697053,1,25.0,0.0,0,0.0,1.0,3,72.0,0.1479282157495892,6,144.0,0.0,3,59.0,0.00014707969620917884,0,0.0,1.0,8,74.0,0.04720040847674117,11,199.0,0.0,4,59.0,1.3700569749716938e-06,8,149.0,0.026327447239781365,0,1.0,0.019629655072719007,0,0.0,1.0,58,2075.0
3150.0,72,2076.0,7.208333333333333,10.543602087703754,0,0.0,1.0,0,0.0,1.0,16,1450.0,0.06330689956271415,1,35.0,0.0,0,0.0,1.0,6,120.0,1.3367018152410899e-05,6,204.0,0.0,3,89.0,0.0,0,0.0,1.0,10,171.0,0.0,11,309.0,0.0,4,99.0,0.0,10,247.0,0.0,2,53.0,0.46814030944052737,0,0.0,1.0,69,2777.0
3160.0,20,165.0,0.5729166666666666,13.25047363315221,0,0.0,0.47069729982711883,0,0.0,0.49707061337164904,8,1227.0,0.07976902993718563,0,0.0,1.0,1,9.0,0.0008745635291114241,4,56.0,0.0005861007304502152,0,0.0,1.0,0,0.0,0.5932068352832103,0,0.0,0.7873321085653632,0,7.0,0.2672852094639594,0,0.0,0.670487473482664,0,0.0,0.829597576170785,0,0.0,1.0,2,27.0,0.26782648989612706,1,5.0,0.37578035772661816,16,1331.0
3170.0,30,242.0,0.8402777777777778,12.662180957744049,2,14.0,4.220007484903993e-05,2,15.0,0.49718991059393525,9,1098.0,0.008963557127325134,0,0.0,1.0,0,0.0,1.0,4,94.0,0.22846485032290312,0,0.0,0.9902517673338395,1,4.0,0.6424128814724832,3,20.0,0.07063427828046652,0,0.0,1.0,0,0.0,1.0,0,3.0,0.35165183300575376,0,0.0,1.0,3,41.0,0.008589026554625382,1,15.0,0.4148586927574819,25,1304.0
3180.0,47,536.0,1.867595818815331,11.990866003969606,2,34.0,0.0,7,51.0,0.00041981076833529866,6,1003.0,0.031296667730592226,0,0.0,0.8525448966090924,0,0.0,0.04543435418029826,8,158.0,0.10673339450687491,0,0.0,1.0,1,17.0,0.6105357135920277,9,88.0,0.0001564023792282109,0,0.0,1.0,0,0.0,1.0,0,0.0,0.9864760426811263,0,0.0,1.0,4,81.0,0.0,2,26.0,7.944673012724644e-06,39,1458.0
3190.0,41,665.0,2.325174825174825,12.277667808582216,2,54.0,0.0,7,120.0,0.0757631605322214,10,1079.0,0.05682293426111669,0,0.0,1.0,2,18.0,0.2331012711182505,5,120.0,0.009589991168924667,1,1.0,0.0019939254541555362,1,38.0,0.40141316856740356,0,38.0,0.43244501258795803,0,0.0,1.0,0,0.0,1.0,1,6.0,0.0,0,0.0,1.0,4,126.0,0.23761157308992584,2,46.0,0.0016803998101260784,35,1646.0
3200.0,38,469.0,1.606164383561644,12.392312774796883,0,0.0,1.0,0,63.0,0.11408880375644505,13,1205.0,0.0014076968416791944,0,0.0,1.0,0,0.0,1.0,3,62.0,0.028976029112272837,3,10.0,0.0001905721275127408,3,23.0,0.09953760299656342,2,9.0,0.18083760743385444,0,0.0,1.0,0,0.0,1.0,0,0.0,1.0,1,4.0,0.2635688940130736,2,42.0,0.1344855923643721,1,3.0,0.20949932890143416,28,1421.0
3210.0,48,842.0,2.854237288135593,12.06336921791958,0,0.0,1.0,0,0.0,1.0,14,1355.0,0.04263980868355298,0,0.0,1.0,0,1.0,0.7155423144137119,4,103.0,0.24119940194984343,4,55.0,0.0012691350469479072,4,53.0,1.4211922429228178e-05,0,0.0,0.47942979858430923,0,0.0,1.0,1,8.0,0.18187811493402128,0,0.0,1.0,2,25.0,0.2964284653660841,6,63.0,5.288554852801505e-06,2,17.0,0.0007284192390001108,37,1680.0
3220.0,55,1024.0,3.4247491638795986,11.572022815175773,0,0.0,1.0,0,0.0,1.0,13,1355.0,0.0336976236280672,0,0.0,1.0,1,6.0,0.0,6,157.0,0.13697459299094478,5,105.0,0.0,4,93.0,0.0,1,11.0,0.30070559789386725,1,20.0,0.2796641789390631,3,32.0,1.8329692355529331e-06,0,0.0,1.0,7,75.0,0.0011233487063214429,8,139.0,1.1370124809032663e-05,2,37.0,0.0,51,2030.0
3230.0,65,1496.0,4.970099667774086,11.123783948519065,0,0.0,1.0,0,0.0,1.0,14,1503.0,0.049923818798179316,0,0.0,1.0,1,16.0,0.0,5,166.0,0.1261968853973816,5,157.0,0.010648101790948017,4,133.0,0.0,1,11.0,0.0,9,133.0,0.0005846673649360626,3,62.0,0.0,0,0.0,1.0,8,151.0,0.05160471122007276,8,219.0,0.0,2,57.0,0.0,60,2608.0
3240.0,74,2148.0,7.136212624584718,11.234318772024992,0,0.0,1.0,0,0.0,1.0,15,1632.0,0.0003426027002891113,0,0.0,1.0,0,0.0,1.0,9,180.0,0.17364185593306702,6,216.0,0.0030913580380503027,4,173.0,0.0,0,0.0,1.0,10,247.0,4.418785912007154e-06,3,92.0,0.0,0,5.0,0.9603167183190915,11,247.0,2.1551996080034898e-06,8,299.0,0.0,2,77.0,0.0,68,3168.0
3250.0,17,172.0,0.5771812080536913,13.456108319237398,0,0.0,1.0,0,0.0,0.44971648153003185,6,1391.0,0.019609428553130474,0,0.0,1.0,1,1.0,0.0,7,69.0,0.05533792657018891,0,0.0,1.0,0,14.0,0.41599699602025775,0,1.0,0.7794090273749286,0,2.0,0.48292685534271507,0,0.0,1.0,0,0.0,0.6391758961435421,0,11.0,0.32337045904468337,0,80.0,0.40000127650611217,0,0.0,1.0,14,1569.0
3260.0,23,230.0,0.7666666666666667,13.237660166760131,0,0.0,0.1761515540406399,1,8.0,0.6293923246869614,3,687.0,0.0691288282476327,0,2.0,0.8113630941992471,2,14.0,0.17939205081139398,9,145.0,0.08549722578635714,0,0.0,1.0,2,30.0,0.0,0,9.0,0.24750027363169982,0,0.0,1.0,0,0.0,0.9779423510325951,0,0.0,0.9849925905728508,0,0.0,1.0,0,28.0,0.3888744839275896,0,0.0,1.0,17,923.0
3270.0,37,480.0,1.6,12.917384011307835,1,9.0,0.0,5,36.0,0.00015126303521517957,4,545.0,0.01542049932679131,0,0.0,1.0,6,61.0,4.891897079791847e-06,12,253.0,0.030035086390695367,0,0.0,1.0,2,50.0,0.32526716486195156,1,2.0,4.2567343668229956e-05,0,0.0,1.0,0,0.0,0.9840509816879717,0,0.0,0.7442214823630611,0,0.0,1.0,0,44.0,0.8285933541080933,1,44.0,0.45451152202528017,32,1044.0
3280.0,40,629.0,2.04885993485342,13.064800841945013,1,19.0,0.0,5,86.0,0.0,6,585.0,0.0,0,0.0,1.0,0,8.0,0.020890900955800974,10,265.0,1.6144508647952418e-06,0,0.0,0.4087822985613497,3,71.0,0.20857771969872135,1,28.0,0.1723298725988763,0,0.0,1.0,0,0.0,1.0,2,10.0,0.06522960890461434,0,0.0,1.0,1,4.0,0.4790828071673904,3,59.0,0.0343784310018008,32,1135.0
3290.0,21,321.0,1.0354838709677419,13.091049860953067,0,3.0,0.45926417653457546,0,21.0,0.18662125216090797,6,645.0,0.0,0,0.0,0.42876528656786406,1,31.0,0.021460181397579818,0,8.0,0.42894548321105747,1,6.0,0.0,1,5.0,0.4895379814501748,0,4.0,0.34938363227545916,0,0.0,1.0,1,8.0,0.2152319828093726,1,8.0,0.0,1,3.0,0.0001527427378807641,0,0.0,1.0,1,20.0,0.23707513865309351,13,762.0
3300.0,31,514.0,1.6907894736842106,12.617364867601255,0,0.0,1.0,0,0.0,0.2996765181188055,6,705.0,0.0,1,6.0,0.0,1,11.0,0.00010205875744338261,1,3.0,0.2626619551438724,3,24.0,0.010162432791620662,1,14.0,0.0,2,13.0,0.0018683635438034002,0,0.0,1.0,3,35.0,0.10280072153223788,2,19.0,0.001267145770213839,1,28.0,0.5938479548016734,1,6.0,2.613415230025962e-05,3,31.0,0.09798770479980497,25,895.0
3310.0,44,600.0,2.027027027027027,11.95324085358422,0,0.0,1.0,0,0.0,1.0,5,725.0,0.11904152327909241,1,16.0,0.0,0,0.0,0.9979960274457347,2,22.0,0.32937469603352537,5,78.0,0.1020387686049688,1,24.0,0.0,0,0.0,1.0,2,71.0,0.18811711329697753,8,94.0,0.05097801848357904,2,39.0,0.0,7,69.0,0.032921262851007375,2,26.0,0.0,4,71.0,0.016422054176604365,39,1235.0
3320.0,59,1097.0,3.7312925170068025,11.369464730616135,1,2.0,0.0006928693478600652,0,0.0,1.0,5,744.0,0.0,1,26.0,0.0,0,0.0,0.01625484637941261,2,42.0,0.0,6,120.0,0.004383762369453575,1,34.0,0.0,0,0.0,1.0,6,110.0,1.192581436887409e-05,11,198.0,0.0,3,66.0,0.23832382774250438,12,189.0,0.08203052203921714,2,46.0,0.0,5,118.0,0.0,55,1695.0
3330.0,74,1740.0,5.8389261744966445,10.367182367543272,1,12.0,0.0,0,0.0,1.0,6,795.0,0.00022654725286873565,1,36.0,0.0,0,0.0,0.013741180802788465,2,62.0,0.25786160580483575,7,188.0,0.0,1,44.0,0.4515471360985206,0,0.0,1.0,7,172.0,0.00010968925853073958,11,308.0,0.0,4,103.0,0.07278964825730058,14,321.0,2.0117900021247128e-06,2,66.0,0.0,6,174.0,0.000497428384246119,62,2281.0
3340.0,12,118.0,0.39072847682119205,13.193613673617156,0,0.0,1.0,0,0.0,1.0,3,606.0,0.0065464254708265295,0,0.0,1.0,1,10.0,0.18039432719469145,1,9.0,0.0,0,0.0,1.0,1,4.0,0.3260629640786782,0,1.0,0.7395925596081252,0,0.0,1.0,0,25.0,0.3834051296565868,0,0.0,0.5885576386688962,0,81.0,0.2719094638047047,0,0.0,1.0,0,0.0,1.0,6,736.0
3350.0,17,136.0,0.4533333333333333,13.130152298544715,0,0.0,1.0,0,2.0,0.6899325565176567,1,21.0,0.0,0,0.0,1.0,2,13.0,5.9460665068464524e-05,2,21.0,0.2532243438740974,0,0.0,1.0,1,14.0,0.6369878848085554,0,112.0,0.3441913724186073,0,0.0,1.0,1,3.0,0.5615581632905947,0,6.0,0.6179915585671372,0,0.0,1.0,0,2.0,0.8952069899605108,0,2.0,0.7665508786151615,7,196.0
3360.0,30,302.0,0.9901639344262295,13.715538487959602,0,0.0,0.5688190939632902,5,47.0,0.00023620828819346157,1,31.0,0.0,0,0.0,1.0,2,33.0,0.0,5,62.0,0.3642014579034077,0,0.0,1.0,1,24.0,0.0,1,2.0,0.0005960010737329915,0,0.0,1.0,0,0.0,1.0,0,5.0,0.6298023368203276,0,29.0,0.7342712026036505,0,0.0,0.8069597135329344,1,1.0,0.4889364898315515,16,234.0
3370.0,25,316.0,1.0394736842105263,13.647069357809585,2,9.0,0.0,5,97.0,0.0,1,41.0,0.0,0,0.0,1.0,0,3.0,0.6121870509490305,5,48.0,0.03909865430343204,0,0.0,1.0,1,34.0,0.0,1,40.0,0.4203976369434037,0,0.0,1.0,0,0.0,1.0,0,0.0,1.0,0,0.0,1.0,0,0.0,1.0,1,11.0,0.5,16,283.0
3380.0,23,303.0,1.02020202020202,12.58008730822554,0,0.0,1.0,0,45.0,0.11851098143235123,1,51.0,0.0,0,0.0,1.0,0,0.0,1.0,3,47.0,0.30424140380385817,1,4.0,0.07796072224076196,2,10.0,0.21129197032326205,2,56.0,0.0,1,29.0,0.4677726500356419,0,5.0,0.3786791345768927,0,0.0,1.0,1,25.0,0.0,2,6.0,0.00036936131084351886,1,16.0,0.3780179375141049,14,294.0
3390.0,31,544.0,1.8694158075601375,12.682495887468416,0,0.0,1.0,0,0.0,1.0,1,61.0,0.0,0,0.0,1.0,0,0.0,0.9468815468052382,4,88.0,0.0018861639544672272,3,30.0,0.0,3,35.0,0.0,0,0.0,0.3557511924120212,1,21.0,0.6213009137871289,1,9.0,0.15062877785048043,0,0.0,1.0,1,29.0,0.35765740085264347,2,30.0,0.17993376528172803,1,11.0,0.0,17,314.0
3400.0,31,500.0,1.7123287671232876,12.323629536750603,0,2.0,0.9395744264798296,0,0.0,1.0,0,50.0,0.6328867468307715,0,0.0,0.2991742034445276,0,0.0,1.0,5,138.0,0.14047992234720647,3,60.0,0.0,3,65.0,0.0,2,14.0,9.853944386322193e-05,2,43.0,0.11652173387319296,2,27.0,0.0,0,0.0,0.988991922320261,5,69.0,0.02480578823446653,3,52.0,5.893316873013789e-06,1,21.0,0.24802460236685162,26,541.0
3410.0,42,730.0,2.543554006968641,11.453486851656628,0,0.0,1.0,0,0.0,0.4503420833486934,0,0.0,1.0,1,7.0,0.0,0,0.0,0.4339429014821332,5,144.0,0.2172004660285254,4,96.0,0.0,3,95.0,0.0,0,0.0,1.0,6,86.0,0.00012699203278289652,2,47.0,0.0,1,4.0,0.3153029657450901,7,132.0,0.06414108216741034,3,82.0,0.0,1,31.0,0.0,33,724.0
3420.0,56,1187.0,4.093103448275862,11.064577527198042,0,0.0,1.0,1,7.0,0.0,2,34.0,0.0020523290503907023,2,18.0,0.0003750471140389579,1,7.0,0.0,7,165.0,0.09835801380274362,4,136.0,0.0,3,125.0,0.08247824918571459,0,5.0,0.1805811421280522,7,184.0,0.12126857398132146,2,67.0,0.0,3,23.0,0.00018637376255217807,9,212.0,0.00018002815243815297,3,112.0,0.0,1,41.0,0.24412445625891188,45,1136.0
3430.0,16,156.0,0.5435540069686411,13.051801567722732,0,0.0,0.24346919204620884,0,1.0,0.5557573554859245,2,58.0,0.1365967249734741,0,0.0,1.0,2,21.0,0.06783015043317063,5,70.0,1.6197745508797474e-06,0,0.0,0.2936825003630937,0,0.0,0.6783302119375176,0,1.0,0.7980657147127537,1,27.0,0.6391416809499856,0,0.0,0.7603311121817207,0,0.0,0.7538162997761813,0,0.0,1.0,0,25.0,0.43297894205976173,1,5.0,1.3092820572844487e-05,11,208.0
3440.0,20,247.0,0.872791519434629,14.035682840045807,1,8.0,0.0,3,20.0,0.36310740714983397,2,74.0,0.0,0,0.0,1.0,0,0.0,0.3561180208145075,5,120.0,0.0537914738867531,0,0.0,1.0,0,0.0,0.9798077147146779,0,3.0,0.43801702798652586,3,53.0,0.2227888557481669,0,0.0,0.7676495145882422,0,0.0,1.0,0,1.0,0.9472238656037208,0,5.0,0.7559135478262171,1,19.0,0.45148067236926387,15,303.0
3450.0,34,497.0,1.7079037800687284,12.659412063154008,1,18.0,0.0,7,115.0,0.04985127533006753,3,98.0,0.0,0,0.0,1.0,1,11.0,0.010995927985617791,8,190.0,0.027084405006297635,0,0.0,1.0,0,0.0,1.0,1,6.0,0.18541537899008373,3,75.0,0.0,1,7.0,0.46964018275899183,0,0.0,1.0,0,0.0,0.7584782177968558,1,9.0,0.0,1,25.0,0.0,27,554.0
3460.0,39,723.0,2.527972027972028,12.132004512747276,1,28.0,0.03006890408800232,8,191.0,0.0,2,114.0,0.20551719237679097,0,0.0,1.0,0,0.0,1.0,8,212.0,8.245476048853938e-06,0,2.0,0.19083934373287897,0,0.0,0.38388187089349357,3,32.0,0.13646039809472205,3,105.0,0.0,1,19.0,0.5,0,0.0,1.0,0,0.0,1.0,1,28.0,0.10179623331536822,2,40.0,0.19971116792706853,29,771.0
3470.0,19,303.0,1.0520833333333333,12.078487718602734,0,0.0,1.0,0,131.0,0.10793262610274953,4,147.0,1.5167985439127521e-05,0,0.0,1.0,0,0.0,1.0,0,49.0,0.4466985988109731,2,5.0,0.00028460560659462,1,2.0,0.37345922724472697,0,53.0,0.1089473542920293,1,31.0,0.18009669254441696,0,0.0,1.0,0,0.0,0.40100751870174006,0,0.0,0.9731843858514915,1,44.0,0.011515760846829282,0,5.0,0.2757891882643123,9,467.0
3480.0,30,532.0,1.8408304498269896,12.203080186505012,0,0.0,1.0,0,0.0,1.0,4,187.0,0.0,0,0.0,1.0,0,0.0,0.5300993463565296,1,9.0,0.3111921266886517,3,31.0,0.0,2,17.0,0.0,1,8.0,0.0,1,12.0,0.0,1,7.0,0.0920758923198231,2,13.0,0.0,1,22.0,0.24737911346055896,2,72.0,0.2545345328380354,1,9.0,7.518901715788109e-06,19,387.0
3490.0,35,399.0,1.3902439024390243,12.128735504105434,0,0.0,1.0,0,0.0,1.0,2,53.0,0.0,1,13.0,0.24354876870871248,0,0.0,1.0,4,25.0,0.00021680391954061886,5,66.0,0.11540849662979143,2,37.0,0.0,0,0.0,1.0,2,128.0,0.1569415332927933,2,24.0,0.0,3,34.0,0.23954183897513656,7,70.0,0.0001081647085347958,4,107.0,0.0,1,29.0,0.4763321099595803,33,586.0
3500.0,54,839.0,2.964664310954064,11.119130694399233,1,2.0,2.2414456004593243e-05,0,0.0,1.0,3,133.0,0.2732836077220144,3,37.0,0.0,0,0.0,1.0,5,66.0,4.542885031477473e-05,5,116.0,0.15867560743873113,2,57.0,0.13436123248334048,0,0.0,1.0,12,305.0,0.19073816499295687,2,44.0,0.0,4,65.0,0.00208522412691114,7,147.0,0.09432069567857004,4,147.0,0.0,2,41.0,6.521661132209675e-05,50,1160.0
3510.0,63,1427.0,4.989510489510489,10.765740570527054,1,12.0,0.0,0,0.0,1.0,4,127.0,2.6282854092198357e-05,3,67.0,0.0,0,0.0,1.0,5,116.0,0.07807588662319086,5,166.0,0.0,3,84.0,0.0,0,0.0,1.0,13,438.0,0.07319053781067233,2,64.0,0.011908852489283554,5,115.0,0.16325245560464027,10,234.0,0.00029351583576644146,4,187.0,0.0,2,61.0,0.0,57,1671.0
3520.0,12,79.0,0.2762237762237762,13.636908896502128,0,0.0,0.9793942523592899,0,0.0,0.6934790161836483,1,41.0,0.18870601661700498,0,0.0,0.958760661011116,0,0.0,1.0,2,12.0,0.3194847228024876,0,12.0,0.3470021540001696,0,1.0,0.607082083189382,0,1.0,0.6885049318559163,5,98.0,0.011540840747029399,0,0.0,0.6508175691819958,1,1.0,0.4064893435681853,0,0.0,1.0,0,0.0,1.0,0,0.0,1.0,9,166.0
3530.0,27,247.0,0.8606271777003485,13.296556408415668,2,10.0,7.793430102551877e-06,1,7.0,0.6154447331648277,2,56.0,3.744211533881097e-06,0,2.0,0.9189141871694426,0,0.0,0.9376390718215627,4,38.0,0.2568877164640401,0,0.0,1.0,1,8.0,0.6363762661541411,0,7.0,0.2473278750403134,6,133.0,0.11793620467502881,0,2.0,0.6966663198498423,1,11.0,0.0,0,1.0,0.9775733586294919,0,0.0,0.9541286514338306,0,1.0,0.710425398549437,17,276.0
3540.0,36,464.0,1.6055363321799307,12.717407853044561,3,34.0,0.28169967687593944,5,80.0,0.09783418393298347,2,76.0,0.0,0,0.0,1.0,0,0.0,0.716919605822562,8,105.0,0.10609960720996185,1,1.0,0.001844113638846475,1,18.0,0.0,4,24.0,0.03195639623352025,5,166.0,0.0,0,0.0,1.0,1,21.0,0.0,0,0.0,1.0,0,0.0,1.0,0,0.0,0.7346848746628367,30,525.0
3550.0,38,601.0,2.1464285714285714,12.770182399334583,4,70.0,0.17599105284018096,6,136.0,0.041543504386387986,1,25.0,0.3167987350875345,0,0.0,1.0,1,4.0,0.27329824770995775,7,116.0,0.010753586789803045,1,11.0,0.0,1,28.0,0.0,7,79.0,7.648771703392906e-05,5,167.0,0.000310621966625674,1,3.0,0.429433827124277,1,31.0,0.0,0,0.0,1.0,0,0.0,1.0,1,12.0,0.5193121548211297,36,682.0
3560.0,13,135.0,0.4787234042553192,12.633200723202984,0,35.0,0.19563910741585622,0,86.0,0.1407504300298242,2,48.0,0.27764926493767117,0,0.0,1.0,0,0.0,1.0,2,73.0,0.0,1,4.0,2.381181940877052e-05,0,0.0,0.008444288052049491,1,97.0,0.23583831291152763,0,107.0,0.3556177699410504,1,8.0,0.15258009893641028,0,45.0,0.5962123455338515,0,0.0,1.0,0,0.0,1.0,1,17.0,0.305880059117251,8,520.0
3570.0,21,272.0,0.9819494584837545,13.43840899762576,0,0.0,1.0,0,0.0,1.0,3,70.0,0.08189444339998943,0,0.0,1.0,0,0.0,0.33557628240706155,2,94.0,0.4151418639998824,2,15.0,0.25635574841377023,1,10.0,0.0,2,11.0,3.0452528239889516e-06,0,0.0,1.0,3,29.0,0.19679666793280148,1,52.0,0.11807307170329993,0,25.0,0.33437900797188885,0,7.0,0.468151849232805,2,27.0,0.06384598376600965,16,340.0
3580.0,38,516.0,1.8695652173913044,12.328118515970514,0,0.0,1.0,0,0.0,1.0,4,107.0,0.0,1,6.0,0.30081988513161445,1,4.0,0.017597262745976373,2,113.0,0.0,3,44.0,2.4579874087134934e-05,1,20.0,0.0,0,0.0,1.0,2,24.0,0.15390662048256967,7,88.0,0.04888733804728245,2,69.0,0.0,7,61.0,0.20933157916273,3,28.0,5.495643447253136e-05,2,47.0,0.0,35,611.0
3590.0,52,838.0,3.0808823529411766,11.381174044974163,0,0.0,1.0,0,0.0,1.0,4,147.0,0.0,3,29.0,0.0,2,24.0,0.0063559009643687344,0,57.0,0.17935137996481984,3,74.0,0.0592856993881938,2,32.0,0.0001802883131379796,0,0.0,0.3315036217186369,6,66.0,0.020772803312194152,9,171.0,8.433171023596937e-07,3,92.0,1.2133888451505005e-05,11,158.0,0.12049345719799447,3,58.0,0.23430622328544268,2,81.0,0.06783295988089907,48,989.0
3600.0,63,1305.0,4.762773722627737,10.928662633424478,0,0.0,1.0,0,0.0,1.0,4,187.0,0.1601614590499717,3,59.0,0.0,0,0.0,0.8516506567028124,4,24.0,0.19054754257170167,4,112.0,0.01663744897338812,2,52.0,0.0,0,0.0,1.0,8,135.0,5.617218105925115e-06,9,261.0,0.0,3,122.0,0.0,13,279.0,0.008473627886144896,5,132.0,0.0001249652991089252,3,110.0,0.0,58,1473.0
